wait(0.3)

local Player = owner
local Char = Player.Character
local Hum = Char:WaitForChild("Humanoid")
local RootPart = Char:WaitForChild("HumanoidRootPart")
local Torso = Char:WaitForChild("Torso")
local Head = Char:WaitForChild("Head")
local RA = Char:WaitForChild("Right Arm")
local LA = Char:WaitForChild("Left Arm")
local RL = Char:WaitForChild("Right Leg")
local LL = Char:WaitForChild("Left Leg")
local RunningAnims = {}
local Animating = {}
local PauseAnims = {}

local function tick()
	return os.clock()
end

local function wait(Num)
	local CurrentTick = tick()
	repeat
		game:GetService("RunService").Stepped:Wait()
	until tick() >= CurrentTick + (Num or 0)
end

local function spawn(Func)
	coroutine.wrap(Func)()
end

function CreateWeld(PropertyTable)
	local Weld = Instance.new("Weld")
	Weld.Parent = PropertyTable.Parent
	Weld.Part0 = PropertyTable.Part0
	Weld.Part1 = PropertyTable.Part1
	Weld.C0 = PropertyTable.C0 or CFrame.new()
	return Weld
end

function SetTween(Instance,PropertyTable,Style,Direction,Time)
	Style = Enum.EasingStyle[Style]
	Direction = Enum.EasingDirection[Direction]
	local Info = TweenInfo.new(
		Time,
		Style,
		Direction,
		0,
		false,
		0
	)
	local TweenAnim = game:GetService("TweenService"):Create(Instance,Info,PropertyTable)
	TweenAnim:Play()
	return TweenAnim
end

-- Keyframe Order: Time Position, RJ, Neck, RS, LS, RH, LH

function PlayAnimation(AnimationTable,Priority,TweenTime,Looped,Speed,WaitUntilFinish,FunctionsAfterTime)
	local function Start()
		Priority = Priority or 1
		Speed = Speed or 1
		local Joints = {RJ,Neck,RS,LS,RH,LH,Grip} -- Don't change the first 6 elements. Any tool welds can be added afterward, like "Grip".
		local Id = tick().."/"..tostring(Looped).."|"..Priority
		table.insert(RunningAnims,Id)
		local PausedAnimIDs = {}
		local WaitForAnim
		local Delete = {}
		for v, Anim in pairs(RunningAnims) do
			if Anim ~= Id then
				for i = 2, #AnimationTable[1] do
					if AnimationTable[1][i] and table.find(Animating,tostring(Joints[i - 1].Part1)..Anim) and not table.find(PauseAnims,tostring(Joints[i - 1].Part1)..Anim) then
						if tonumber(string.sub(Anim,string.find(Anim,"|") + 1)) > Priority then
							table.insert(PauseAnims,tostring(Joints[i - 1].Part1)..Id)
							if string.sub(Anim,string.find(Anim,"/") + 1,string.find(Anim,"|") - 1) ~= "true" then
								WaitForAnim = Anim
							end
						elseif tonumber(string.sub(Anim,string.find(Anim,"|") + 1)) <= Priority then
							table.insert(PauseAnims,tostring(Joints[i - 1].Part1)..Anim)
							if not table.find(PausedAnimIDs,Anim) then
								table.insert(PausedAnimIDs,Anim)
							end
						end
					end
				end
				local AnimatingNum = 0
				local PausedNum = 0
				for _, Joint in pairs(Joints) do
					if table.find(Animating,tostring(Joint.Part1)..Anim) then
						AnimatingNum += 1
					end
					if table.find(PauseAnims,tostring(Joint.Part1)..Anim) then
						PausedNum += 1
					end
				end
				if table.find(RunningAnims,Anim) and (PausedNum == AnimatingNum or string.sub(Anim,string.find(Anim,"/") + 1,string.find(Anim,"|") - 1) == "true") then
					table.insert(Delete,Anim)
					if table.find(PausedAnimIDs,Anim) then
						table.remove(PausedAnimIDs,table.find(PausedAnimIDs,Anim))
					end
				end
			end
		end
		for _, Anim in pairs(Delete) do
			table.remove(RunningAnims,table.find(RunningAnims,Anim))
		end
		local Loops = 0
		local TablesCompleted = {}
		repeat
			local Tween
			local CurrentTimePos = AnimationTable[1][1]
			local TweenTime = TweenTime or .1
			for v, Keyframe in pairs(AnimationTable) do
				for i = 2, #Keyframe do
					if Keyframe[i] and table.find(RunningAnims,Id) then
						if not table.find(PauseAnims,tostring(Joints[i - 1].Part1)..Id) then
							if typeof(Keyframe[i]) == "CFrame" then
								if v == 1 then
									if Loops < 1 then
										Tween = SetTween(Joints[i - 1],{C0 = Keyframe[i]},"Linear","In",TweenTime)
									else
										Tween = SetTween(Joints[i - 1],{C0 = Keyframe[i]},"Linear","In",.05 / Speed)
									end
								else
									Tween = SetTween(Joints[i - 1],{C0 = Keyframe[i]},"Linear","In",(Keyframe[1] - CurrentTimePos) / Speed)
								end
							else
								Joints[i - 1].Part0 = Keyframe[i][1]
								if v == 1 then
									if Loops < 1 then
										SetTween(Joints[i - 1],{C0 = Keyframe[i][2]},"Linear","In",0)
									else
										Tween = SetTween(Joints[i - 1],{C0 = Keyframe[i][2]},"Linear","In",.05 / Speed)
									end
								else
									Tween = SetTween(Joints[i - 1],{C0 = Keyframe[i][2]},"Linear","In",(Keyframe[1] - CurrentTimePos) / Speed)
								end
							end
						end
						if not table.find(Animating,tostring(Joints[i - 1].Part1)..Id) then
							table.insert(Animating,tostring(Joints[i - 1].Part1)..Id)
						end
					end
				end
				while Tween and Tween.PlaybackState ~= Enum.PlaybackState.Completed do
					if WaitForAnim and not table.find(RunningAnims,WaitForAnim) then
						WaitForAnim = nil
						for _, Joint in pairs(Joints) do
							if table.find(PauseAnims,tostring(Joint.Part1)..Id) then
								table.remove(PauseAnims,table.find(PauseAnims,tostring(Joint.Part1)..Id))
							end
						end
					end
					local AnimatingNum = 0
					local PausedNum = 0
					for _, Joint in pairs(Joints) do
						if table.find(Animating,tostring(Joint.Part1)..Id) then
							AnimatingNum += 1
						end
						if table.find(PauseAnims,tostring(Joint.Part1)..Id) then
							PausedNum += 1
						end
					end
					if PausedNum == AnimatingNum and table.find(RunningAnims,Id) then
						table.remove(RunningAnims,table.find(RunningAnims,Id))
					end
					if not table.find(RunningAnims,Id) then
						break
					end
					wait()
				end
				if FunctionsAfterTime and #FunctionsAfterTime > 0 then
					for _, Table in pairs(FunctionsAfterTime) do
						if Keyframe[1] >= Table[1] and not table.find(TablesCompleted,Table) then
							spawn(Table[2])
							table.insert(TablesCompleted,Table)
						end
					end
				end
				for i = 2, #Keyframe do
					if Keyframe[i] and AnimationTable[v + 1] and AnimationTable[v + 1][i] == false and table.find(RunningAnims,Id) then
						local LaterKeyframe
						local LaterTimePos
						for _, Keyframe in pairs({table.unpack(AnimationTable,v + 2)}) do
							if Keyframe[i] then
								LaterKeyframe = Keyframe
								LaterTimePos = Keyframe[1]
								break
							end
						end
						if LaterTimePos then
							if not table.find(PauseAnims,tostring(Joints[i - 1].Part1)..Id) then
								if typeof(Keyframe[i]) == "CFrame" then
									SetTween(Joints[i - 1],{C0 = LaterKeyframe[i]},"Linear","In",(LaterTimePos - Keyframe[1]) / Speed)
								else
									Joints[i - 1].Part0 = Keyframe[i][1]
									SetTween(Joints[i - 1],{C0 = LaterKeyframe[i][2]},"Linear","In",(LaterTimePos - Keyframe[1]) / Speed)
								end
							end
							if not table.find(Animating,tostring(Joints[i - 1].Part1)..Id) then
								table.insert(Animating,tostring(Joints[i - 1].Part1)..Id)
							end
						end
					end
				end
				CurrentTimePos = Keyframe[1]
			end
			Loops += 1
			if not Tween then
				wait()
			end
		until not Looped or not table.find(RunningAnims,Id)
		for _, OtherId in pairs(PausedAnimIDs) do
			for _, Joint in pairs(Joints) do
				if table.find(Animating,tostring(Joint.Part1)..Id) and table.find(PauseAnims,tostring(Joint.Part1)..OtherId) then
					table.remove(PauseAnims,table.find(PauseAnims,tostring(Joint.Part1)..OtherId))
				end
			end
		end
		for _, Joint in pairs(Joints) do
			for i, Anim in pairs(Animating) do
				if Anim == tostring(Joint.Part1)..Id then
					table.remove(Animating,i)
				end
			end
			for i, Anim in pairs(PauseAnims) do
				if Anim == tostring(Joint.Part1)..Id then
					table.remove(PauseAnims,i)
				end
			end
		end
		if table.find(RunningAnims,Id) then
			table.remove(RunningAnims,table.find(RunningAnims,Id))
		end
	end
	if WaitUntilFinish then
		Start()
	else
		spawn(Start)
	end
end

local Handle = Instance.new("Part",Char)
Handle.CanCollide = false
Handle.Size = Vector3.new(0.122, 0.182, 1.397)
Handle.Transparency = 1
Handle.Color = Color3.fromRGB(40,40,40)

RJ = CreateWeld({Part0 = RootPart,Part1 = Torso,Parent = RootPart})
Neck = CreateWeld({Part0 = Torso,Part1 = Head,C0 = CFrame.new(0,1.5,0),Parent = RootPart})
RS = CreateWeld({Part0 = Torso,Part1 = RA,C0 = CFrame.new(1.5,0,0),Parent = RootPart})
LS = CreateWeld({Part0 = Torso,Part1 = LA,C0 = CFrame.new(-1.5,0,0),Parent = RootPart})
RH = CreateWeld({Part0 = Torso,Part1 = RL,C0 = CFrame.new(.5,-2,0),Parent = RootPart})
LH = CreateWeld({Part0 = Torso,Part1 = LL,C0 = CFrame.new(-.5,-2,0),Parent = RootPart})
Grip = CreateWeld({Part0 = Torso,Part1 = Handle,C0 = CFrame.new(-2.95,1.79,.55) * CFrame.Angles(math.pi / 2,1.1,math.pi / 2),Parent = RootPart})

local Anim = {
	{
		0.00000200001522898674,
		CFrame.new(0, 0, 0, 1, 0, 0, 0, 1, 0, 0, 0, 1),
		CFrame.new(0, 1.5, 0, 1, 0, 0, 0, 1, 0, 0, 0, 1),
		CFrame.new(1.5, 0, 0, 1, 0, 0, 0, 0.999999881, 0, 0, 0, 1),
		CFrame.new(-1.5, 0, 0, 1, 0, 0, 0, 0.999999881, 0, 0, 0, 1),
		CFrame.new(0.589065552, -2.03977251, 0, 0.99619472, -0.0871554837, 1.66334502e-10, 0.0871554837, 0.996194601, -3.80968723e-09, 1.66334502e-10, 3.80968723e-09, 1),
		CFrame.new(-0.589065552, -2.03977251, 0, 0.99619472, 0.0871554837, -1.66334502e-10, -0.0871554837, 0.996194601, -3.80968723e-09, -1.66334502e-10, 3.80968723e-09, 1),
	},
	{
		0.017044200096279383,
		CFrame.new(0, 0, 0, 1, 0, 0, 0, 1, 0, 0, 0, 1),
		CFrame.new(0, 1.5, -0.0249996185, 1, 0, 0, 0, 1, 0, 0, 0, 1),
		CFrame.new(1.50198364, 0.00198721886, 0, 0.999992132, -0.00396663649, 3.44613227e-13, 0.00396663649, 0.999992013, -1.73387193e-10, 3.44613227e-13, 1.73387193e-10, 1),
		CFrame.new(-1.50198364, 0.00198721886, 0, 0.999992132, 0.00396663649, -3.44613227e-13, -0.00396663649, 0.999992013, -1.73387193e-10, -3.44613227e-13, 1.73387193e-10, 1),
		CFrame.new(0.589065552, -2.03977251, 0, 0.99619472, -0.0871554837, 1.66334502e-10, 0.0871554837, 0.996194601, -3.80968723e-09, 1.66334502e-10, 3.80968723e-09, 1),
		CFrame.new(-0.589065552, -2.03977251, 0, 0.99619472, 0.0871554837, -1.66334502e-10, -0.0871554837, 0.996194601, -3.80968723e-09, -1.66334502e-10, 3.80968723e-09, 1),
	},
	{
		0.05009720008820295,
		CFrame.new(0, 0, 0, 1, 0, 0, 0, 1, 0, 0, 0, 1),
		CFrame.new(0, 1.5, -0.0750007629, 1, 0, 0, 0, 1, 0, 0, 0, 1),
		CFrame.new(1.50592041, 0.00598526001, 0, 0.99992919, -0.0118996594, 3.09441361e-12, 0.0118996594, 0.99992907, -5.20150645e-10, 3.09441361e-12, 5.20150645e-10, 1),
		CFrame.new(-1.50592041, 0.00598526001, 0, 0.99992919, 0.0118996594, -3.09441361e-12, -0.0118996594, 0.99992907, -5.20150645e-10, -3.09441361e-12, 5.20150645e-10, 1),
		CFrame.new(0.589065552, -2.03977251, 0, 0.99619472, -0.0871554837, 1.66334502e-10, 0.0871554837, 0.996194601, -3.80968723e-09, 1.66334502e-10, 3.80968723e-09, 1),
		CFrame.new(-0.589065552, -2.03977251, 0, 0.99619472, 0.0871554837, -1.66334502e-10, -0.0871554837, 0.996194601, -3.80968723e-09, -1.66334502e-10, 3.80968723e-09, 1),
	},
	{
		0.06717360008042306,
		CFrame.new(0, 0, 0, 1, 0, 0, 0, 1, 0, 0, 0, 1),
		CFrame.new(0, 1.5, -0.100000381, 1, 0, 0, 0, 1, 0, 0, 0, 1),
		CFrame.new(1.50787354, 0.00799608231, 0, 0.999874115, -0.0158659164, 5.50315349e-12, 0.0158659164, 0.999873996, -6.9352124e-10, 5.50315349e-12, 6.9352124e-10, 1),
		CFrame.new(-1.50787354, 0.00799608231, 0, 0.999874115, 0.0158659164, -5.50315349e-12, -0.0158659164, 0.999873996, -6.9352124e-10, -5.50315349e-12, 6.9352124e-10, 1),
		CFrame.new(0.589065552, -2.03977251, 0, 0.99619472, -0.0871554837, 1.66334502e-10, 0.0871554837, 0.996194601, -3.80968723e-09, 1.66334502e-10, 3.80968723e-09, 1),
		CFrame.new(-0.589065552, -2.03977251, 0, 0.99619472, 0.0871554837, -1.66334502e-10, -0.0871554837, 0.996194601, -3.80968723e-09, -1.66334502e-10, 3.80968723e-09, 1),
	},
	{
		0.08515420008916408,
		CFrame.new(0, 0, 0, 1, 0, 0, 0, 1, 0, 0, 0, 1),
		CFrame.new(0, 1.5, -0.125, 1, 0, 0, 0, 1, 0, 0, 0, 1),
		CFrame.new(1.5098114, 0.0100142956, 0, 0.999803305, -0.0198319294, 8.5975671e-12, 0.0198319294, 0.999803185, -8.66881178e-10, 8.5975671e-12, 8.66881178e-10, 1),
		CFrame.new(-1.5098114, 0.0100142956, 0, 0.999803305, 0.0198319294, -8.5975671e-12, -0.0198319294, 0.999803185, -8.66881178e-10, -8.5975671e-12, 8.66881178e-10, 1),
		CFrame.new(0.589065552, -2.03977251, 0, 0.99619472, -0.0871554837, 1.66334502e-10, 0.0871554837, 0.996194601, -3.80968723e-09, 1.66334502e-10, 3.80968723e-09, 1),
		CFrame.new(-0.589065552, -2.03977251, 0, 0.99619472, 0.0871554837, -1.66334502e-10, -0.0871554837, 0.996194601, -3.80968723e-09, -1.66334502e-10, 3.80968723e-09, 1),
	},
	{
		0.11700110009405762,
		CFrame.new(0, 0, 0, 1, 0, 0, 0, 1, 0, 0, 0, 1),
		CFrame.new(0, 1.5, -0.174999237, 1, 0, 0, 0, 1, 0, 0, 0, 1),
		CFrame.new(1.51368713, 0.0140743256, 0, 0.999614537, -0.0277629513, 1.6850521e-11, 0.0277629513, 0.999614418, -1.21355714e-09, 1.6850521e-11, 1.21355714e-09, 1),
		CFrame.new(-1.51368713, 0.0140743256, 0, 0.999614537, 0.0277629513, -1.6850521e-11, -0.0277629513, 0.999614418, -1.21355714e-09, -1.6850521e-11, 1.21355714e-09, 1),
		CFrame.new(0.589065552, -2.03977251, 0, 0.99619472, -0.0871554837, 1.66334502e-10, 0.0871554837, 0.996194601, -3.80968723e-09, 1.66334502e-10, 3.80968723e-09, 1),
		CFrame.new(-0.589065552, -2.03977251, 0, 0.99619472, 0.0871554837, -1.66334502e-10, -0.0871554837, 0.996194601, -3.80968723e-09, -1.66334502e-10, 3.80968723e-09, 1),
	},
	{
		0.13383220008108765,
		CFrame.new(0, 0, 0, 1, 0, 0, 0, 1, 0, 0, 0, 1),
		CFrame.new(0, 1.5, -0.193750381, 1, 0, 0, 0, 1, 0, 0, 0, 1),
		CFrame.new(1.51513672, 0.0156047344, 0, 0.999527514, -0.0307366587, 2.06519246e-11, 0.0307366587, 0.999527395, -1.34354206e-09, 2.06519246e-11, 1.34354194e-09, 1),
		CFrame.new(-1.51513672, 0.0156047344, 0, 0.999527514, 0.0307366587, -2.06519246e-11, -0.0307366587, 0.999527395, -1.34354206e-09, -2.06519246e-11, 1.34354194e-09, 1),
		CFrame.new(0.589065552, -2.03977251, 0, 0.99619472, -0.0871554837, 1.66334502e-10, 0.0871554837, 0.996194601, -3.80968723e-09, 1.66334502e-10, 3.80968723e-09, 1),
		CFrame.new(-0.589065552, -2.03977251, 0, 0.99619472, 0.0871554837, -1.66334502e-10, -0.0871554837, 0.996194601, -3.80968723e-09, -1.66334502e-10, 3.80968723e-09, 1),
	},
	{
		0.15069899999070913,
		CFrame.new(0, 0, 0, 1, 0, 0, 0, 1, 0, 0, 0, 1),
		CFrame.new(0, 1.5, -0.21875, 1, 0, 0, 0, 1, 0, 0, 0, 1),
		CFrame.new(1.51704407, 0.0176517963, 0, 0.999397755, -0.0347011797, 2.63256084e-11, 0.0347011797, 0.999397635, -1.51683677e-09, 2.63256084e-11, 1.51683677e-09, 1),
		CFrame.new(-1.51704407, 0.0176517963, 0, 0.999397755, 0.0347011797, -2.63256084e-11, -0.0347011797, 0.999397635, -1.51683677e-09, -2.63256084e-11, 1.51683677e-09, 1),
		CFrame.new(0.589065552, -2.03977251, 0, 0.99619472, -0.0871554837, 1.66334502e-10, 0.0871554837, 0.996194601, -3.80968723e-09, 1.66334502e-10, 3.80968723e-09, 1),
		CFrame.new(-0.589065552, -2.03977251, 0, 0.99619472, 0.0871554837, -1.66334502e-10, -0.0871554837, 0.996194601, -3.80968723e-09, -1.66334502e-10, 3.80968723e-09, 1),
	},
	{
		0.18348030000925064,
		CFrame.new(0, 0, 0, 1, 0, 0, 0, 1, 0, 0, 0, 1),
		CFrame.new(0, 1.5, -0.229166031, 1, 0, 0, 0, 1, 0, 0, 0, 1),
		CFrame.new(1.52133179, 0.0222854614, 0, 0.999048233, -0.0436192527, 4.16022772e-11, 0.0436192527, 0.999048114, -1.90665816e-09, 4.16022772e-11, 1.90665794e-09, 1),
		CFrame.new(-1.52133179, 0.0222854614, 0, 0.999048233, 0.0436192527, -4.16022772e-11, -0.0436192527, 0.999048114, -1.90665816e-09, -4.16022772e-11, 1.90665794e-09, 1),
		CFrame.new(0.589065552, -2.03977251, 0, 0.99619472, -0.0871554837, 1.66334502e-10, 0.0871554837, 0.996194601, -3.80968723e-09, 1.66334502e-10, 3.80968723e-09, 1),
		CFrame.new(-0.589065552, -2.03977251, 0, 0.99619472, 0.0871554837, -1.66334502e-10, -0.0871554837, 0.996194601, -3.80968723e-09, -1.66334502e-10, 3.80968723e-09, 1),
	},
	{
		0.20058110007084906,
		CFrame.new(0, 0, 0, 1, 0, 0, 0, 1, 0, 0, 0, 1),
		CFrame.new(0, 1.5, -0.208333969, 1, 0, 0, 0, 1, 0, 0, 0, 1),
		CFrame.new(1.52322388, 0.0243573189, 0, 0.998867333, -0.0475817658, 4.95106178e-11, 0.0475817658, 0.998867214, -2.07986495e-09, 4.95106178e-11, 2.07986495e-09, 1),
		CFrame.new(-1.52322388, 0.0243573189, 0, 0.998867333, 0.0475817658, -4.95106178e-11, -0.0475817658, 0.998867214, -2.07986495e-09, -4.95106178e-11, 2.07986495e-09, 1),
		CFrame.new(0.589065552, -2.03977251, 0, 0.99619472, -0.0871554837, 1.66334502e-10, 0.0871554837, 0.996194601, -3.80968723e-09, 1.66334502e-10, 3.80968723e-09, 1),
		CFrame.new(-0.589065552, -2.03977251, 0, 0.99619472, 0.0871554837, -1.66334502e-10, -0.0871554837, 0.996194601, -3.80968723e-09, -1.66334502e-10, 3.80968723e-09, 1),
	},
	{
		0.2333165000891313,
		CFrame.new(0, 0, 0, 1, 0, 0, 0, 1, 0, 0, 0, 1),
		CFrame.new(0, 1.5, -0.166666031, 1, 0, 0, 0, 1, 0, 0, 0, 1),
		CFrame.new(1.52697754, 0.0285229683, 0, 0.998458445, -0.0555044971, 6.73843203e-11, 0.0555044971, 0.998458326, -2.42617859e-09, 6.73843203e-11, 2.42617859e-09, 1),
		CFrame.new(-1.52697754, 0.0285229683, 0, 0.998458445, 0.0555044971, -6.73843203e-11, -0.0555044971, 0.998458326, -2.42617859e-09, -6.73843203e-11, 2.42617859e-09, 1),
		CFrame.new(0.589065552, -2.03977251, 0, 0.99619472, -0.0871554837, 1.66334502e-10, 0.0871554837, 0.996194601, -3.80968723e-09, 1.66334502e-10, 3.80968723e-09, 1),
		CFrame.new(-0.589065552, -2.03977251, 0, 0.99619472, 0.0871554837, -1.66334502e-10, -0.0871554837, 0.996194601, -3.80968723e-09, -1.66334502e-10, 3.80968723e-09, 1),
	},
	{
		0.25036410009488463,
		CFrame.new(0, 0, 0, 1, 0, 0, 0, 1, 0, 0, 0, 1),
		CFrame.new(0, 1.5, -0.145833969, 1, 0, 0, 0, 1, 0, 0, 0, 1),
		CFrame.new(1.52885437, 0.0306172371, 0, 0.998230398, -0.0594645739, 7.73532349e-11, 0.0594645739, 0.998230278, -2.59927901e-09, 7.73532349e-11, 2.59927901e-09, 1),
		CFrame.new(-1.52885437, 0.0306172371, 0, 0.998230398, 0.0594645739, -7.73532349e-11, -0.0594645739, 0.998230278, -2.59927901e-09, -7.73532349e-11, 2.59927901e-09, 1),
		CFrame.new(0.589065552, -2.03977251, 0, 0.99619472, -0.0871554837, 1.66334502e-10, 0.0871554837, 0.996194601, -3.80968723e-09, 1.66334502e-10, 3.80968723e-09, 1),
		CFrame.new(-0.589065552, -2.03977251, 0, 0.99619472, 0.0871554837, -1.66334502e-10, -0.0871554837, 0.996194601, -3.80968723e-09, -1.66334502e-10, 3.80968723e-09, 1),
	},
	{
		0.2673066999996081,
		CFrame.new(0, 0, 0, 1, 0, 0, 0, 1, 0, 0, 0, 1),
		CFrame.new(0, 1.5, -0.125, 1, 0, 0, 0, 1, 0, 0, 0, 1),
		CFrame.new(1.53070068, 0.0327186584, 0, 0.997986674, -0.063423723, 8.80042705e-11, 0.063423723, 0.997986555, -2.77233903e-09, 8.80042705e-11, 2.77233903e-09, 1),
		CFrame.new(-1.53070068, 0.0327186584, 0, 0.997986674, 0.063423723, -8.80042705e-11, -0.063423723, 0.997986555, -2.77233903e-09, -8.80042705e-11, 2.77233903e-09, 1),
		CFrame.new(0.589065552, -2.03977251, 0, 0.99619472, -0.0871554837, 1.66334502e-10, 0.0871554837, 0.996194601, -3.80968723e-09, 1.66334502e-10, 3.80968723e-09, 1),
		CFrame.new(-0.589065552, -2.03977251, 0, 0.99619472, 0.0871554837, -1.66334502e-10, -0.0871554837, 0.996194601, -3.80968723e-09, -1.66334502e-10, 3.80968723e-09, 1),
	},
	{
		0.28422360005788505,
		CFrame.new(0, 0, 0, 1, 0, 0, 0, 1, 0, 0, 0, 1),
		CFrame.new(0, 1.5, -0.104166031, 1, 0, 0, 0, 1, 0, 0, 0, 1),
		CFrame.new(1.53256226, 0.0348272324, 0, 0.997727275, -0.0673818737, 9.93445326e-11, 0.0673818737, 0.997727156, -2.94535529e-09, 9.93445326e-11, 2.94535529e-09, 1),
		CFrame.new(-1.53256226, 0.0348272324, 0, 0.997727275, 0.0673818737, -9.93445326e-11, -0.0673818737, 0.997727156, -2.94535529e-09, -9.93445326e-11, 2.94535529e-09, 1),
		CFrame.new(0.589065552, -2.03977251, 0, 0.99619472, -0.0871554837, 1.66334502e-10, 0.0871554837, 0.996194601, -3.80968723e-09, 1.66334502e-10, 3.80968723e-09, 1),
		CFrame.new(-0.589065552, -2.03977251, 0, 0.99619472, 0.0871554837, -1.66334502e-10, -0.0871554837, 0.996194601, -3.80968723e-09, -1.66334502e-10, 3.80968723e-09, 1),
	},
	{
		0.31723070004954934,
		CFrame.new(0, 0, 0, 1, 0, 0, 0, 1, 0, 0, 0, 1),
		CFrame.new(0, 1.5, -0.0625, 1, 0, 0, 0, 1, 0, 0, 0, 1),
		CFrame.new(1.53622437, 0.0390667915, 0, 0.997161329, -0.0752949417, 1.24082078e-10, 0.0752949417, 0.99716121, -3.29124639e-09, 1.24082078e-10, 3.29124661e-09, 1),
		CFrame.new(-1.53622437, 0.0390667915, 0, 0.997161329, 0.0752949417, -1.24082078e-10, -0.0752949417, 0.99716121, -3.29124639e-09, -1.24082078e-10, 3.29124661e-09, 1),
		CFrame.new(0.589065552, -2.03977251, 0, 0.99619472, -0.0871554837, 1.66334502e-10, 0.0871554837, 0.996194601, -3.80968723e-09, 1.66334502e-10, 3.80968723e-09, 1),
		CFrame.new(-0.589065552, -2.03977251, 0, 0.99619472, 0.0871554837, -1.66334502e-10, -0.0871554837, 0.996194601, -3.80968723e-09, -1.66334502e-10, 3.80968723e-09, 1),
	},
	{
		0.350949399988167,
		CFrame.new(0, 0, 0, 1, 0, 0, 0, 1, 0, 0, 0, 1),
		CFrame.new(0, 1.5, -0.0260410309, 1, 0, 0, 0, 1, 0, 0, 0, 1),
		CFrame.new(1.53941345, 0.0428001881, 0, 0.996614635, -0.0822149888, 1.4797763e-10, 0.0822149888, 0.996614516, -3.59373131e-09, 1.4797763e-10, 3.59373131e-09, 1),
		CFrame.new(-1.53941345, 0.0428001881, 0, 0.996614635, 0.0822149888, -1.4797763e-10, -0.0822149888, 0.996614516, -3.59373131e-09, -1.4797763e-10, 3.59373131e-09, 1),
		CFrame.new(0.589065552, -2.03977251, 0, 0.99619472, -0.0871554837, 1.66334502e-10, 0.0871554837, 0.996194601, -3.80968723e-09, 1.66334502e-10, 3.80968723e-09, 1),
		CFrame.new(-0.589065552, -2.03977251, 0, 0.99619472, 0.0871554837, -1.66334502e-10, -0.0871554837, 0.996194601, -3.80968723e-09, -1.66334502e-10, 3.80968723e-09, 1),
	},
	{
		0.3839472000254318,
		CFrame.new(0, 0, 0, 1, 0, 0, 0, 1, 0, 0, 0, 1),
		CFrame.new(0, 1.5, -0.0249996185, 1, 0, 0, 0, 1, 0, 0, 0, 1),
		CFrame.new(1.54167175, 0.0454804897, 0, 0.99619472, -0.0871554837, 1.66334502e-10, 0.0871554837, 0.996194601, -3.80968723e-09, 1.66334502e-10, 3.80968723e-09, 1),
		CFrame.new(-1.54167175, 0.0454804897, 0, 0.99619472, 0.0871554837, -1.66334502e-10, -0.0871554837, 0.996194601, -3.80968723e-09, -1.66334502e-10, 3.80968723e-09, 1),
		CFrame.new(0.589065552, -2.03977251, 0, 0.99619472, -0.0871554837, 1.66334502e-10, 0.0871554837, 0.996194601, -3.80968723e-09, 1.66334502e-10, 3.80968723e-09, 1),
		CFrame.new(-0.589065552, -2.03977251, 0, 0.99619472, 0.0871554837, -1.66334502e-10, -0.0871554837, 0.996194601, -3.80968723e-09, -1.66334502e-10, 3.80968723e-09, 1),
	},
	{
		0.41696150007192045,
		CFrame.new(0, 0, 0, 1, 0, 0, 0, 1, 0, 0, 0, 1),
		CFrame.new(0, 1.5, -0.0750007629, 1, 0, 0, 0, 1, 0, 0, 0, 1),
		CFrame.new(1.54167175, 0.0454804897, 0, 0.99619472, -0.0871554837, 1.66334502e-10, 0.0871554837, 0.996194601, -3.80968723e-09, 1.66334502e-10, 3.80968723e-09, 1),
		CFrame.new(-1.54167175, 0.0454804897, 0, 0.99619472, 0.0871554837, -1.66334502e-10, -0.0871554837, 0.996194601, -3.80968723e-09, -1.66334502e-10, 3.80968723e-09, 1),
		CFrame.new(0.589065552, -2.03977251, 0, 0.99619472, -0.0871554837, 1.66334502e-10, 0.0871554837, 0.996194601, -3.80968723e-09, 1.66334502e-10, 3.80968723e-09, 1),
		CFrame.new(-0.589065552, -2.03977251, 0, 0.99619472, 0.0871554837, -1.66334502e-10, -0.0871554837, 0.996194601, -3.80968723e-09, -1.66334502e-10, 3.80968723e-09, 1),
	},
	{
		0.43377160001546144,
		CFrame.new(0, 0, 0, 1, 0, 0, 0, 1, 0, 0, 0, 1),
		CFrame.new(0, 1.5, -0.100000381, 1, 0, 0, 0, 1, 0, 0, 0, 1),
		CFrame.new(1.54167175, 0.0454804897, 0, 0.99619472, -0.0871554837, 1.66334502e-10, 0.0871554837, 0.996194601, -3.80968723e-09, 1.66334502e-10, 3.80968723e-09, 1),
		CFrame.new(-1.54167175, 0.0454804897, 0, 0.99619472, 0.0871554837, -1.66334502e-10, -0.0871554837, 0.996194601, -3.80968723e-09, -1.66334502e-10, 3.80968723e-09, 1),
		CFrame.new(0.589065552, -2.03977251, 0, 0.99619472, -0.0871554837, 1.66334502e-10, 0.0871554837, 0.996194601, -3.80968723e-09, 1.66334502e-10, 3.80968723e-09, 1),
		CFrame.new(-0.589065552, -2.03977251, 0, 0.99619472, 0.0871554837, -1.66334502e-10, -0.0871554837, 0.996194601, -3.80968723e-09, -1.66334502e-10, 3.80968723e-09, 1),
	},
	{
		0.45070040004793555,
		CFrame.new(0, 0, 0, 1, 0, 0, 0, 1, 0, 0, 0, 1),
		CFrame.new(0, 1.5, -0.118749619, 1, 0, 0, 0, 1, 0, 0, 0, 1),
		CFrame.new(1.54167175, 0.0454804897, 0, 0.99619472, -0.0871554837, 1.66334502e-10, 0.0871554837, 0.996194601, -3.80968723e-09, 1.66334502e-10, 3.80968723e-09, 1),
		CFrame.new(-1.54167175, 0.0454804897, 0, 0.99619472, 0.0871554837, -1.66334502e-10, -0.0871554837, 0.996194601, -3.80968723e-09, -1.66334502e-10, 3.80968723e-09, 1),
		CFrame.new(0.589065552, -2.03977251, 0, 0.99619472, -0.0871554837, 1.66334502e-10, 0.0871554837, 0.996194601, -3.80968723e-09, 1.66334502e-10, 3.80968723e-09, 1),
		CFrame.new(-0.589065552, -2.03977251, 0, 0.99619472, 0.0871554837, -1.66334502e-10, -0.0871554837, 0.996194601, -3.80968723e-09, -1.66334502e-10, 3.80968723e-09, 1),
	},
	{
		0.4835028999950737,
		CFrame.new(0, 0, 0, 1, 0, 0, 0, 1, 0, 0, 0, 1),
		CFrame.new(0, 1.5, -0.174999237, 1, 0, 0, 0, 1, 0, 0, 0, 1),
		CFrame.new(1.54167175, 0.0454804897, 0, 0.99619472, -0.0871554837, 1.66334502e-10, 0.0871554837, 0.996194601, -3.80968723e-09, 1.66334502e-10, 3.80968723e-09, 1),
		CFrame.new(-1.54167175, 0.0454804897, 0, 0.99619472, 0.0871554837, -1.66334502e-10, -0.0871554837, 0.996194601, -3.80968723e-09, -1.66334502e-10, 3.80968723e-09, 1),
		CFrame.new(0.589065552, -2.03977251, 0, 0.99619472, -0.0871554837, 1.66334502e-10, 0.0871554837, 0.996194601, -3.80968723e-09, 1.66334502e-10, 3.80968723e-09, 1),
		CFrame.new(-0.589065552, -2.03977251, 0, 0.99619472, 0.0871554837, -1.66334502e-10, -0.0871554837, 0.996194601, -3.80968723e-09, -1.66334502e-10, 3.80968723e-09, 1),
	},
	{
		0.5173657000996172,
		CFrame.new(0, 0, 0, 1, 0, 0, 0, 1, 0, 0, 0, 1),
		CFrame.new(0, 1.5, -0.225000381, 1, 0, 0, 0, 1, 0, 0, 0, 1),
		CFrame.new(1.54167175, 0.0454804897, 0, 0.99619472, -0.0871554837, 1.66334502e-10, 0.0871554837, 0.996194601, -3.80968723e-09, 1.66334502e-10, 3.80968723e-09, 1),
		CFrame.new(-1.54167175, 0.0454804897, 0, 0.99619472, 0.0871554837, -1.66334502e-10, -0.0871554837, 0.996194601, -3.80968723e-09, -1.66334502e-10, 3.80968723e-09, 1),
		CFrame.new(0.589065552, -2.03977251, 0, 0.99619472, -0.0871554837, 1.66334502e-10, 0.0871554837, 0.996194601, -3.80968723e-09, 1.66334502e-10, 3.80968723e-09, 1),
		CFrame.new(-0.589065552, -2.03977251, 0, 0.99619472, 0.0871554837, -1.66334502e-10, -0.0871554837, 0.996194601, -3.80968723e-09, -1.66334502e-10, 3.80968723e-09, 1),
	},
	{
		0.5503610000014305,
		CFrame.new(0, 0, 0, 1, 0, 0, 0, 1, 0, 0, 0, 1),
		CFrame.new(0, 1.5, -0.229166031, 1, 0, 0, 0, 1, 0, 0, 0, 1),
		CFrame.new(1.54167175, 0.0454804897, 0, 0.99619472, -0.0871554837, 1.66334502e-10, 0.0871554837, 0.996194601, -3.80968723e-09, 1.66334502e-10, 3.80968723e-09, 1),
		CFrame.new(-1.54167175, 0.0454804897, 0, 0.99619472, 0.0871554837, -1.66334502e-10, -0.0871554837, 0.996194601, -3.80968723e-09, -1.66334502e-10, 3.80968723e-09, 1),
		CFrame.new(0.589065552, -2.03977251, 0, 0.99619472, -0.0871554837, 1.66334502e-10, 0.0871554837, 0.996194601, -3.80968723e-09, 1.66334502e-10, 3.80968723e-09, 1),
		CFrame.new(-0.589065552, -2.03977251, 0, 0.99619472, 0.0871554837, -1.66334502e-10, -0.0871554837, 0.996194601, -3.80968723e-09, -1.66334502e-10, 3.80968723e-09, 1),
	},
	{
		0.5832776000024751,
		CFrame.new(0, 0, 0, 1, 0, 0, 0, 1, 0, 0, 0, 1),
		CFrame.new(0, 1.5, -0.192708969, 1, 0, 0, 0, 1, 0, 0, 0, 1),
		CFrame.new(1.54167175, 0.0454804897, 0, 0.99619472, -0.0871554837, 1.66334502e-10, 0.0871554837, 0.996194601, -3.80968723e-09, 1.66334502e-10, 3.80968723e-09, 1),
		CFrame.new(-1.54167175, 0.0454804897, 0, 0.99619472, 0.0871554837, -1.66334502e-10, -0.0871554837, 0.996194601, -3.80968723e-09, -1.66334502e-10, 3.80968723e-09, 1),
		CFrame.new(0.589065552, -2.03977251, 0, 0.99619472, -0.0871554837, 1.66334502e-10, 0.0871554837, 0.996194601, -3.80968723e-09, 1.66334502e-10, 3.80968723e-09, 1),
		CFrame.new(-0.589065552, -2.03977251, 0, 0.99619472, 0.0871554837, -1.66334502e-10, -0.0871554837, 0.996194601, -3.80968723e-09, -1.66334502e-10, 3.80968723e-09, 1),
	},
	{
		0.6020375000080094,
		CFrame.new(0, 0, 0, 1, 0, 0, 0, 1, 0, 0, 0, 1),
		CFrame.new(0, 1.5, -0.166666031, 1, 0, 0, 0, 1, 0, 0, 0, 1),
		CFrame.new(1.54167175, 0.0454804897, 0, 0.99619472, -0.0871554837, 1.66334502e-10, 0.0871554837, 0.996194601, -3.80968723e-09, 1.66334502e-10, 3.80968723e-09, 1),
		CFrame.new(-1.54167175, 0.0454804897, 0, 0.99619472, 0.0871554837, -1.66334502e-10, -0.0871554837, 0.996194601, -3.80968723e-09, -1.66334502e-10, 3.80968723e-09, 1),
		CFrame.new(0.589065552, -2.03977251, 0, 0.99619472, -0.0871554837, 1.66334502e-10, 0.0871554837, 0.996194601, -3.80968723e-09, 1.66334502e-10, 3.80968723e-09, 1),
		CFrame.new(-0.589065552, -2.03977251, 0, 0.99619472, 0.0871554837, -1.66334502e-10, -0.0871554837, 0.996194601, -3.80968723e-09, -1.66334502e-10, 3.80968723e-09, 1),
	},
	{
		0.6334206000901759,
		CFrame.new(0, 0, 0, 1, 0, 0, 0, 1, 0, 0, 0, 1),
		CFrame.new(0, 1.5, -0.130208969, 1, 0, 0, 0, 1, 0, 0, 0, 1),
		CFrame.new(1.54167175, 0.0454804897, 0, 0.99619472, -0.0871554837, 1.66334502e-10, 0.0871554837, 0.996194601, -3.80968723e-09, 1.66334502e-10, 3.80968723e-09, 1),
		CFrame.new(-1.54167175, 0.0454804897, 0, 0.99619472, 0.0871554837, -1.66334502e-10, -0.0871554837, 0.996194601, -3.80968723e-09, -1.66334502e-10, 3.80968723e-09, 1),
		CFrame.new(0.589065552, -2.03977251, 0, 0.99619472, -0.0871554837, 1.66334502e-10, 0.0871554837, 0.996194601, -3.80968723e-09, 1.66334502e-10, 3.80968723e-09, 1),
		CFrame.new(-0.589065552, -2.03977251, 0, 0.99619472, 0.0871554837, -1.66334502e-10, -0.0871554837, 0.996194601, -3.80968723e-09, -1.66334502e-10, 3.80968723e-09, 1),
	},
	{
		0.6502898000180721,
		CFrame.new(0, 0, 0, 1, 0, 0, 0, 1, 0, 0, 0, 1),
		CFrame.new(0, 1.5, -0.109375, 1, 0, 0, 0, 1, 0, 0, 0, 1),
		CFrame.new(1.54167175, 0.0454804897, 0, 0.99619472, -0.0871554837, 1.66334502e-10, 0.0871554837, 0.996194601, -3.80968723e-09, 1.66334502e-10, 3.80968723e-09, 1),
		CFrame.new(-1.54167175, 0.0454804897, 0, 0.99619472, 0.0871554837, -1.66334502e-10, -0.0871554837, 0.996194601, -3.80968723e-09, -1.66334502e-10, 3.80968723e-09, 1),
		CFrame.new(0.589065552, -2.03977251, 0, 0.99619472, -0.0871554837, 1.66334502e-10, 0.0871554837, 0.996194601, -3.80968723e-09, 1.66334502e-10, 3.80968723e-09, 1),
		CFrame.new(-0.589065552, -2.03977251, 0, 0.99619472, 0.0871554837, -1.66334502e-10, -0.0871554837, 0.996194601, -3.80968723e-09, -1.66334502e-10, 3.80968723e-09, 1),
	},
	{
		0.6671105000423267,
		CFrame.new(0, 0, 0, 1, 0, 0, 0, 1, 0, 0, 0, 1),
		CFrame.new(0, 1.5, -0.0833339691, 1, 0, 0, 0, 1, 0, 0, 0, 1),
		CFrame.new(1.54167175, 0.0454804897, 0, 0.99619472, -0.0871554837, 1.66334502e-10, 0.0871554837, 0.996194601, -3.80968723e-09, 1.66334502e-10, 3.80968723e-09, 1),
		CFrame.new(-1.54167175, 0.0454804897, 0, 0.99619472, 0.0871554837, -1.66334502e-10, -0.0871554837, 0.996194601, -3.80968723e-09, -1.66334502e-10, 3.80968723e-09, 1),
		CFrame.new(0.589065552, -2.03977251, 0, 0.99619472, -0.0871554837, 1.66334502e-10, 0.0871554837, 0.996194601, -3.80968723e-09, 1.66334502e-10, 3.80968723e-09, 1),
		CFrame.new(-0.589065552, -2.03977251, 0, 0.99619472, 0.0871554837, -1.66334502e-10, -0.0871554837, 0.996194601, -3.80968723e-09, -1.66334502e-10, 3.80968723e-09, 1),
	},
	{
		0.683978300075978,
		CFrame.new(0, 0, 0, 1, 0, 0, 0, 1, 0, 0, 0, 1),
		CFrame.new(0, 1.5, -0.0625, 1, 0, 0, 0, 1, 0, 0, 0, 1),
		CFrame.new(1.54167175, 0.0454804897, 0, 0.99619472, -0.0871554837, 1.66334502e-10, 0.0871554837, 0.996194601, -3.80968723e-09, 1.66334502e-10, 3.80968723e-09, 1),
		CFrame.new(-1.54167175, 0.0454804897, 0, 0.99619472, 0.0871554837, -1.66334502e-10, -0.0871554837, 0.996194601, -3.80968723e-09, -1.66334502e-10, 3.80968723e-09, 1),
		CFrame.new(0.589065552, -2.03977251, 0, 0.99619472, -0.0871554837, 1.66334502e-10, 0.0871554837, 0.996194601, -3.80968723e-09, 1.66334502e-10, 3.80968723e-09, 1),
		CFrame.new(-0.589065552, -2.03977251, 0, 0.99619472, 0.0871554837, -1.66334502e-10, -0.0871554837, 0.996194601, -3.80968723e-09, -1.66334502e-10, 3.80968723e-09, 1),
	},
	{
		0.7008918999927118,
		CFrame.new(0, 0, 0, 1, 0, 0, 0, 1, 0, 0, 0, 1),
		CFrame.new(0, 1.5, -0.0416660309, 1, 0, 0, 0, 1, 0, 0, 0, 1),
		CFrame.new(1.54167175, 0.0454804897, 0, 0.99619472, -0.0871554837, 1.66334502e-10, 0.0871554837, 0.996194601, -3.80968723e-09, 1.66334502e-10, 3.80968723e-09, 1),
		CFrame.new(-1.54167175, 0.0454804897, 0, 0.99619472, 0.0871554837, -1.66334502e-10, -0.0871554837, 0.996194601, -3.80968723e-09, -1.66334502e-10, 3.80968723e-09, 1),
		CFrame.new(0.589065552, -2.03977251, 0, 0.99619472, -0.0871554837, 1.66334502e-10, 0.0871554837, 0.996194601, -3.80968723e-09, 1.66334502e-10, 3.80968723e-09, 1),
		CFrame.new(-0.589065552, -2.03977251, 0, 0.99619472, 0.0871554837, -1.66334502e-10, -0.0871554837, 0.996194601, -3.80968723e-09, -1.66334502e-10, 3.80968723e-09, 1),
	},
	{
		0.7338311000494286,
		CFrame.new(0, 0, 0, 1, 0, 0, 0, 1, 0, 0, 0, 1),
		CFrame.new(0, 1.5, 0, 1, 0, 0, 0, 1, 0, 0, 0, 1),
		CFrame.new(1.54167175, 0.0454804897, 0, 0.99619472, -0.0871554911, 1.66334502e-10, 0.0871554911, 0.996194601, -3.80968768e-09, 1.66334502e-10, 3.80968723e-09, 1),
		CFrame.new(-1.54167175, 0.0454804897, 0, 0.99619472, 0.0871554911, -1.66334502e-10, -0.0871554911, 0.996194601, -3.80968768e-09, -1.66334502e-10, 3.80968723e-09, 1),
		CFrame.new(0.589065552, -2.03977251, 0, 0.99619472, -0.0871554911, 1.66334502e-10, 0.0871554911, 0.996194601, -3.80968768e-09, 1.66334502e-10, 3.80968723e-09, 1),
		CFrame.new(-0.589065552, -2.03977251, 0, 0.99619472, 0.0871554911, -1.66334502e-10, -0.0871554911, 0.996194601, -3.80968768e-09, -1.66334502e-10, 3.80968723e-09, 1),
	},
	{
		0.7508547999896109,
		CFrame.new(0, 0, 0, 1, 0, 0, 0, 1, 0, 0, 0, 1),
		CFrame.new(0, 1.5, -0.0187492371, 1, 0, 0, 0, 1, 0, 0, 0, 1),
		CFrame.new(1.54167175, 0.0454804897, 0, 0.99619472, -0.0871554837, 1.66334502e-10, 0.0871554837, 0.996194601, -3.80968723e-09, 1.66334502e-10, 3.80968723e-09, 1),
		CFrame.new(-1.54167175, 0.0454804897, 0, 0.99619472, 0.0871554837, -1.66334502e-10, -0.0871554837, 0.996194601, -3.80968723e-09, -1.66334502e-10, 3.80968723e-09, 1),
		CFrame.new(0.589065552, -2.03977251, 0, 0.99619472, -0.0871554837, 1.66334502e-10, 0.0871554837, 0.996194601, -3.80968723e-09, 1.66334502e-10, 3.80968723e-09, 1),
		CFrame.new(-0.589065552, -2.03977251, 0, 0.99619472, 0.0871554837, -1.66334502e-10, -0.0871554837, 0.996194601, -3.80968723e-09, -1.66334502e-10, 3.80968723e-09, 1),
	},
	{
		0.7827633999986574,
		CFrame.new(0, 0, 0, 1, 0, 0, 0, 1, 0, 0, 0, 1),
		CFrame.new(0, 1.5, -0.0749988556, 1, 0, 0, 0, 1, 0, 0, 0, 1),
		CFrame.new(1.54167175, 0.0454804897, 0, 0.99619472, -0.0871554837, 1.66334502e-10, 0.0871554837, 0.996194601, -3.80968723e-09, 1.66334502e-10, 3.80968723e-09, 1),
		CFrame.new(-1.54167175, 0.0454804897, 0, 0.99619472, 0.0871554837, -1.66334502e-10, -0.0871554837, 0.996194601, -3.80968723e-09, -1.66334502e-10, 3.80968723e-09, 1),
		CFrame.new(0.589065552, -2.03977251, 0, 0.99619472, -0.0871554837, 1.66334502e-10, 0.0871554837, 0.996194601, -3.80968723e-09, 1.66334502e-10, 3.80968723e-09, 1),
		CFrame.new(-0.589065552, -2.03977251, 0, 0.99619472, 0.0871554837, -1.66334502e-10, -0.0871554837, 0.996194601, -3.80968723e-09, -1.66334502e-10, 3.80968723e-09, 1),
	},
	{
		0.8006374000106007,
		CFrame.new(0, 0, 0, 1, 0, 0, 0, 1, 0, 0, 0, 1),
		CFrame.new(0, 1.5, -0.100000381, 1, 0, 0, 0, 1, 0, 0, 0, 1),
		CFrame.new(1.54167175, 0.0454804897, 0, 0.99619472, -0.0871554837, 1.66334502e-10, 0.0871554837, 0.996194601, -3.80968723e-09, 1.66334502e-10, 3.80968723e-09, 1),
		CFrame.new(-1.54167175, 0.0454804897, 0, 0.99619472, 0.0871554837, -1.66334502e-10, -0.0871554837, 0.996194601, -3.80968723e-09, -1.66334502e-10, 3.80968723e-09, 1),
		CFrame.new(0.589065552, -2.03977251, 0, 0.99619472, -0.0871554837, 1.66334502e-10, 0.0871554837, 0.996194601, -3.80968723e-09, 1.66334502e-10, 3.80968723e-09, 1),
		CFrame.new(-0.589065552, -2.03977251, 0, 0.99619472, 0.0871554837, -1.66334502e-10, -0.0871554837, 0.996194601, -3.80968723e-09, -1.66334502e-10, 3.80968723e-09, 1),
	},
	{
		0.8335566000314429,
		CFrame.new(0, 0, 0, 1, 0, 0, 0, 1, 0, 0, 0, 1),
		CFrame.new(0, 1.5, -0.149999619, 1, 0, 0, 0, 1, 0, 0, 0, 1),
		CFrame.new(1.54167175, 0.0454804897, 0, 0.99619472, -0.0871554837, 1.66334502e-10, 0.0871554837, 0.996194601, -3.80968723e-09, 1.66334502e-10, 3.80968723e-09, 1),
		CFrame.new(-1.54167175, 0.0454804897, 0, 0.99619472, 0.0871554837, -1.66334502e-10, -0.0871554837, 0.996194601, -3.80968723e-09, -1.66334502e-10, 3.80968723e-09, 1),
		CFrame.new(0.589065552, -2.03977251, 0, 0.99619472, -0.0871554837, 1.66334502e-10, 0.0871554837, 0.996194601, -3.80968723e-09, 1.66334502e-10, 3.80968723e-09, 1),
		CFrame.new(-0.589065552, -2.03977251, 0, 0.99619472, 0.0871554837, -1.66334502e-10, -0.0871554837, 0.996194601, -3.80968723e-09, -1.66334502e-10, 3.80968723e-09, 1),
	},
	{
		0.850556300021708,
		CFrame.new(0, 0, 0, 1, 0, 0, 0, 1, 0, 0, 0, 1),
		CFrame.new(0, 1.5, -0.174999237, 1, 0, 0, 0, 1, 0, 0, 0, 1),
		CFrame.new(1.54167175, 0.0454804897, 0, 0.99619472, -0.0871554837, 1.66334502e-10, 0.0871554837, 0.996194601, -3.80968723e-09, 1.66334502e-10, 3.80968723e-09, 1),
		CFrame.new(-1.54167175, 0.0454804897, 0, 0.99619472, 0.0871554837, -1.66334502e-10, -0.0871554837, 0.996194601, -3.80968723e-09, -1.66334502e-10, 3.80968723e-09, 1),
		CFrame.new(0.589065552, -2.03977251, 0, 0.99619472, -0.0871554837, 1.66334502e-10, 0.0871554837, 0.996194601, -3.80968723e-09, 1.66334502e-10, 3.80968723e-09, 1),
		CFrame.new(-0.589065552, -2.03977251, 0, 0.99619472, 0.0871554837, -1.66334502e-10, -0.0871554837, 0.996194601, -3.80968723e-09, -1.66334502e-10, 3.80968723e-09, 1),
	},
	{
		0.8834488000720739,
		CFrame.new(0, 0, 0, 1, 0, 0, 0, 1, 0, 0, 0, 1),
		CFrame.new(0, 1.5, -0.225000381, 1, 0, 0, 0, 1, 0, 0, 0, 1),
		CFrame.new(1.54167175, 0.0454804897, 0, 0.99619472, -0.0871554837, 1.66334502e-10, 0.0871554837, 0.996194601, -3.80968723e-09, 1.66334502e-10, 3.80968723e-09, 1),
		CFrame.new(-1.54167175, 0.0454804897, 0, 0.99619472, 0.0871554837, -1.66334502e-10, -0.0871554837, 0.996194601, -3.80968723e-09, -1.66334502e-10, 3.80968723e-09, 1),
		CFrame.new(0.589065552, -2.03977251, 0, 0.99619472, -0.0871554837, 1.66334502e-10, 0.0871554837, 0.996194601, -3.80968723e-09, 1.66334502e-10, 3.80968723e-09, 1),
		CFrame.new(-0.589065552, -2.03977251, 0, 0.99619472, 0.0871554837, -1.66334502e-10, -0.0871554837, 0.996194601, -3.80968723e-09, -1.66334502e-10, 3.80968723e-09, 1),
	},
	{
		0.9163394999923185,
		CFrame.new(0, 0, 0, 1, 0, 0, 0, 1, 0, 0, 0, 1),
		CFrame.new(0, 1.5, -0.203125, 1, 0, 0, 0, 1, 0, 0, 0, 1),
		CFrame.new(1.54167175, 0.0454804897, 0, 0.99619472, -0.0871554837, 1.66334502e-10, 0.0871554837, 0.996194601, -3.80968723e-09, 1.66334502e-10, 3.80968723e-09, 1),
		CFrame.new(-1.54167175, 0.0454804897, 0, 0.99619472, 0.0871554837, -1.66334502e-10, -0.0871554837, 0.996194601, -3.80968723e-09, -1.66334502e-10, 3.80968723e-09, 1),
		CFrame.new(0.589065552, -2.03977251, 0, 0.99619472, -0.0871554837, 1.66334502e-10, 0.0871554837, 0.996194601, -3.80968723e-09, 1.66334502e-10, 3.80968723e-09, 1),
		CFrame.new(-0.589065552, -2.03977251, 0, 0.99619472, 0.0871554837, -1.66334502e-10, -0.0871554837, 0.996194601, -3.80968723e-09, -1.66334502e-10, 3.80968723e-09, 1),
	},
	{
		0.9343387000262737,
		CFrame.new(0, 0, 0, 1, 0, 0, 0, 1, 0, 0, 0, 1),
		CFrame.new(0, 1.5, -0.140626907, 1, 0, 0, 0, 1, 0, 0, 0, 1),
		CFrame.new(1.54167175, 0.0454804897, 0, 0.99619472, -0.0871554837, 1.66334502e-10, 0.0871554837, 0.996194601, -3.80968723e-09, 1.66334502e-10, 3.80968723e-09, 1),
		CFrame.new(-1.54167175, 0.0454804897, 0, 0.99619472, 0.0871554837, -1.66334502e-10, -0.0871554837, 0.996194601, -3.80968723e-09, -1.66334502e-10, 3.80968723e-09, 1),
		CFrame.new(0.589065552, -2.03977251, 0, 0.99619472, -0.0871554837, 1.66334502e-10, 0.0871554837, 0.996194601, -3.80968723e-09, 1.66334502e-10, 3.80968723e-09, 1),
