wait(0.3)

local Player = owner
local Char = Player.Character
local Hum = Char:WaitForChild("Humanoid")
local RootPart = Char:WaitForChild("HumanoidRootPart")
local Torso = Char:WaitForChild("Torso")
local Head = Char:WaitForChild("Head")
local RA = Char:WaitForChild("Right Arm")
local LA = Char:WaitForChild("Left Arm")
local RL = Char:WaitForChild("Right Leg")
local LL = Char:WaitForChild("Left Leg")
local RunningAnims = {}
local Animating = {}
local PauseAnims = {}

local function tick()
	return os.clock()
end

local function wait(Num)
	local CurrentTick = tick()
	repeat
		game:GetService("RunService").Stepped:Wait()
	until tick() >= CurrentTick + (Num or 0)
end

local function spawn(Func)
	coroutine.wrap(Func)()
end

function CreateWeld(PropertyTable)
	local Weld = Instance.new("Weld")
	Weld.Parent = PropertyTable.Parent
	Weld.Part0 = PropertyTable.Part0
	Weld.Part1 = PropertyTable.Part1
	Weld.C0 = PropertyTable.C0 or CFrame.new()
	return Weld
end

function SetTween(Instance,PropertyTable,Style,Direction,Time)
	Style = Enum.EasingStyle[Style]
	Direction = Enum.EasingDirection[Direction]
	local Info = TweenInfo.new(
		Time,
		Style,
		Direction,
		0,
		false,
		0
	)
	local TweenAnim = game:GetService("TweenService"):Create(Instance,Info,PropertyTable)
	TweenAnim:Play()
	return TweenAnim
end

-- Keyframe Order: Time Position, RJ, Neck, RS, LS, RH, LH

function PlayAnimation(AnimationTable,Priority,TweenTime,Looped,Speed,WaitUntilFinish,FunctionsAfterTime)
	local function Start()
		Priority = Priority or 1
		Speed = Speed or 1
		local Joints = {RJ,Neck,RS,LS,RH,LH,Grip} -- Don't change the first 6 elements. Any tool welds can be added afterward, like "Grip".
		local Id = tick().."/"..tostring(Looped).."|"..Priority
		table.insert(RunningAnims,Id)
		local PausedAnimIDs = {}
		local WaitForAnim
		local Delete = {}
		for v, Anim in pairs(RunningAnims) do
			if Anim ~= Id then
				for i = 2, #AnimationTable[1] do
					if AnimationTable[1][i] and table.find(Animating,tostring(Joints[i - 1].Part1)..Anim) and not table.find(PauseAnims,tostring(Joints[i - 1].Part1)..Anim) then
						if tonumber(string.sub(Anim,string.find(Anim,"|") + 1)) > Priority then
							table.insert(PauseAnims,tostring(Joints[i - 1].Part1)..Id)
							if string.sub(Anim,string.find(Anim,"/") + 1,string.find(Anim,"|") - 1) ~= "true" then
								WaitForAnim = Anim
							end
						elseif tonumber(string.sub(Anim,string.find(Anim,"|") + 1)) <= Priority then
							table.insert(PauseAnims,tostring(Joints[i - 1].Part1)..Anim)
							if not table.find(PausedAnimIDs,Anim) then
								table.insert(PausedAnimIDs,Anim)
							end
						end
					end
				end
				local AnimatingNum = 0
				local PausedNum = 0
				for _, Joint in pairs(Joints) do
					if table.find(Animating,tostring(Joint.Part1)..Anim) then
						AnimatingNum += 1
					end
					if table.find(PauseAnims,tostring(Joint.Part1)..Anim) then
						PausedNum += 1
					end
				end
				if table.find(RunningAnims,Anim) and (PausedNum == AnimatingNum or string.sub(Anim,string.find(Anim,"/") + 1,string.find(Anim,"|") - 1) == "true") then
					table.insert(Delete,Anim)
					if table.find(PausedAnimIDs,Anim) then
						table.remove(PausedAnimIDs,table.find(PausedAnimIDs,Anim))
					end
				end
			end
		end
		for _, Anim in pairs(Delete) do
			table.remove(RunningAnims,table.find(RunningAnims,Anim))
		end
		local Loops = 0
		local TablesCompleted = {}
		repeat
			local Tween
			local CurrentTimePos = AnimationTable[1][1]
			local TweenTime = TweenTime or .1
			for v, Keyframe in pairs(AnimationTable) do
				for i = 2, #Keyframe do
					if Keyframe[i] and table.find(RunningAnims,Id) then
						if not table.find(PauseAnims,tostring(Joints[i - 1].Part1)..Id) then
							if typeof(Keyframe[i]) == "CFrame" then
								if v == 1 then
									if Loops < 1 then
										Tween = SetTween(Joints[i - 1],{C0 = Keyframe[i]},"Linear","In",TweenTime)
									else
										Tween = SetTween(Joints[i - 1],{C0 = Keyframe[i]},"Linear","In",.05 / Speed)
									end
								else
									Tween = SetTween(Joints[i - 1],{C0 = Keyframe[i]},"Linear","In",(Keyframe[1] - CurrentTimePos) / Speed)
								end
							else
								Joints[i - 1].Part0 = Keyframe[i][1]
								if v == 1 then
									if Loops < 1 then
										SetTween(Joints[i - 1],{C0 = Keyframe[i][2]},"Linear","In",0)
									else
										Tween = SetTween(Joints[i - 1],{C0 = Keyframe[i][2]},"Linear","In",.05 / Speed)
									end
								else
									Tween = SetTween(Joints[i - 1],{C0 = Keyframe[i][2]},"Linear","In",(Keyframe[1] - CurrentTimePos) / Speed)
								end
							end
						end
						if not table.find(Animating,tostring(Joints[i - 1].Part1)..Id) then
							table.insert(Animating,tostring(Joints[i - 1].Part1)..Id)
						end
					end
				end
				while Tween and Tween.PlaybackState ~= Enum.PlaybackState.Completed do
					if WaitForAnim and not table.find(RunningAnims,WaitForAnim) then
						WaitForAnim = nil
						for _, Joint in pairs(Joints) do
							if table.find(PauseAnims,tostring(Joint.Part1)..Id) then
								table.remove(PauseAnims,table.find(PauseAnims,tostring(Joint.Part1)..Id))
							end
						end
					end
					local AnimatingNum = 0
					local PausedNum = 0
					for _, Joint in pairs(Joints) do
						if table.find(Animating,tostring(Joint.Part1)..Id) then
							AnimatingNum += 1
						end
						if table.find(PauseAnims,tostring(Joint.Part1)..Id) then
							PausedNum += 1
						end
					end
					if PausedNum == AnimatingNum and table.find(RunningAnims,Id) then
						table.remove(RunningAnims,table.find(RunningAnims,Id))
					end
					if not table.find(RunningAnims,Id) then
						break
					end
					wait()
				end
				if FunctionsAfterTime and #FunctionsAfterTime > 0 then
					for _, Table in pairs(FunctionsAfterTime) do
						if Keyframe[1] >= Table[1] and not table.find(TablesCompleted,Table) then
							spawn(Table[2])
							table.insert(TablesCompleted,Table)
						end
					end
				end
				for i = 2, #Keyframe do
					if Keyframe[i] and AnimationTable[v + 1] and AnimationTable[v + 1][i] == false and table.find(RunningAnims,Id) then
						local LaterKeyframe
						local LaterTimePos
						for _, Keyframe in pairs({table.unpack(AnimationTable,v + 2)}) do
							if Keyframe[i] then
								LaterKeyframe = Keyframe
								LaterTimePos = Keyframe[1]
								break
							end
						end
						if LaterTimePos then
							if not table.find(PauseAnims,tostring(Joints[i - 1].Part1)..Id) then
								if typeof(Keyframe[i]) == "CFrame" then
									SetTween(Joints[i - 1],{C0 = LaterKeyframe[i]},"Linear","In",(LaterTimePos - Keyframe[1]) / Speed)
								else
									Joints[i - 1].Part0 = Keyframe[i][1]
									SetTween(Joints[i - 1],{C0 = LaterKeyframe[i][2]},"Linear","In",(LaterTimePos - Keyframe[1]) / Speed)
								end
							end
							if not table.find(Animating,tostring(Joints[i - 1].Part1)..Id) then
								table.insert(Animating,tostring(Joints[i - 1].Part1)..Id)
							end
						end
					end
				end
				CurrentTimePos = Keyframe[1]
			end
			Loops += 1
			if not Tween then
				wait()
			end
		until not Looped or not table.find(RunningAnims,Id)
		for _, OtherId in pairs(PausedAnimIDs) do
			for _, Joint in pairs(Joints) do
				if table.find(Animating,tostring(Joint.Part1)..Id) and table.find(PauseAnims,tostring(Joint.Part1)..OtherId) then
					table.remove(PauseAnims,table.find(PauseAnims,tostring(Joint.Part1)..OtherId))
				end
			end
		end
		for _, Joint in pairs(Joints) do
			for i, Anim in pairs(Animating) do
				if Anim == tostring(Joint.Part1)..Id then
					table.remove(Animating,i)
				end
			end
			for i, Anim in pairs(PauseAnims) do
				if Anim == tostring(Joint.Part1)..Id then
					table.remove(PauseAnims,i)
				end
			end
		end
		if table.find(RunningAnims,Id) then
			table.remove(RunningAnims,table.find(RunningAnims,Id))
		end
	end
	if WaitUntilFinish then
		Start()
	else
		spawn(Start)
	end
end

local Handle = Instance.new("Part",Char)
Handle.CanCollide = false
Handle.Size = Vector3.new(0.122, 0.182, 1.397)
Handle.Transparency = 1
Handle.Color = Color3.fromRGB(40,40,40)

RJ = CreateWeld({Part0 = RootPart,Part1 = Torso,Parent = RootPart})
Neck = CreateWeld({Part0 = Torso,Part1 = Head,C0 = CFrame.new(0,1.5,0),Parent = RootPart})
RS = CreateWeld({Part0 = Torso,Part1 = RA,C0 = CFrame.new(1.5,0,0),Parent = RootPart})
LS = CreateWeld({Part0 = Torso,Part1 = LA,C0 = CFrame.new(-1.5,0,0),Parent = RootPart})
RH = CreateWeld({Part0 = Torso,Part1 = RL,C0 = CFrame.new(.5,-2,0),Parent = RootPart})
LH = CreateWeld({Part0 = Torso,Part1 = LL,C0 = CFrame.new(-.5,-2,0),Parent = RootPart})
Grip = CreateWeld({Part0 = Torso,Part1 = Handle,C0 = CFrame.new(-2.95,1.79,.55) * CFrame.Angles(math.pi / 2,1.1,math.pi / 2),Parent = RootPart})

local Anim = {
	{
		0.0000013998942449688911,
		CFrame.new(0, 0, 0, 1, 0, 0, 0, 1, 0, 0, 0, 1),
		CFrame.new(0, 1.5, 0, 1, 0, 0, 0, 1, 0, 0, 0, 1),
		CFrame.new(1.5, 0, 0, 1, 0, 0, 0, 0.999999881, 0, 0, 0, 1),
		CFrame.new(-1.5, 0, 0, 1, 0, 0, 0, 0.999999881, 0, 0, 0, 1),
		CFrame.new(0.589065552, -2.03977251, 0, 0.99619472, -0.0871554837, 1.66334502e-10, 0.0871554837, 0.996194601, -3.80968723e-09, 1.66334502e-10, 3.80968723e-09, 1),
		CFrame.new(-0.589065552, -2.03977251, 0, 0.99619472, 0.0871554837, -1.66334502e-10, -0.0871554837, 0.996194601, -3.80968723e-09, -1.66334502e-10, 3.80968723e-09, 1),
	},
	{
		0.018252899986691773,
		CFrame.new(0, 0, 0, 1, 0, 0, 0, 1, 0, 0, 0, 1),
		CFrame.new(0, 1.5, 0, 1, 0, 0, 0, 1, 0, 0, 0, 1),
		CFrame.new(1.5, 0, 0, 1, 0, 0, 0, 0.999999881, 0, 0, 0, 1),
		CFrame.new(-1.5, 0, 0, 1, 0, 0, 0, 0.999999881, 0, 0, 0, 1),
		CFrame.new(0.589065552, -2.03977251, 0, 0.99619472, -0.0871554837, 1.66334502e-10, 0.0871554837, 0.996194601, -3.80968723e-09, 1.66334502e-10, 3.80968723e-09, 1),
		CFrame.new(-0.589065552, -2.03977251, 0, 0.99619472, 0.0871554837, -1.66334502e-10, -0.0871554837, 0.996194601, -3.80968723e-09, -1.66334502e-10, 3.80968723e-09, 1),
	},
	{
		0.05028849991504103,
		CFrame.new(0, 0, 0, 1, 0, 0, 0, 1, 0, 0, 0, 1),
		CFrame.new(0, 1.5, 0, 1, 0, 0, 0, 1, 0, 0, 0, 1),
		CFrame.new(1.5, 0, 0, 1, 0, 0, 0, 0.999999881, 0, 0, 0, 1),
		CFrame.new(-1.5, 0, 0, 1, 0, 0, 0, 0.999999881, 0, 0, 0, 1),
		CFrame.new(0.589065552, -2.03977251, 0, 0.99619472, -0.0871554837, 1.66334502e-10, 0.0871554837, 0.996194601, -3.80968723e-09, 1.66334502e-10, 3.80968723e-09, 1),
		CFrame.new(-0.589065552, -2.03977251, 0, 0.99619472, 0.0871554837, -1.66334502e-10, -0.0871554837, 0.996194601, -3.80968723e-09, -1.66334502e-10, 3.80968723e-09, 1),
	},
	{
		0.08347999991383404,
		CFrame.new(0, 0, 0, 1, 0, 0, 0, 1, 0, 0, 0, 1),
		CFrame.new(0, 1.5, 0, 1, 0, 0, 0, 1, 0, 0, 0, 1),
		CFrame.new(1.5, 0, 0, 1, 0, 0, 0, 0.999999881, 0, 0, 0, 1),
		CFrame.new(-1.5, 0, 0, 1, 0, 0, 0, 0.999999881, 0, 0, 0, 1),
		CFrame.new(0.589065552, -2.03977251, 0, 0.99619472, -0.0871554837, 1.66334502e-10, 0.0871554837, 0.996194601, -3.80968723e-09, 1.66334502e-10, 3.80968723e-09, 1),
		CFrame.new(-0.589065552, -2.03977251, 0, 0.99619472, 0.0871554837, -1.66334502e-10, -0.0871554837, 0.996194601, -3.80968723e-09, -1.66334502e-10, 3.80968723e-09, 1),
	},
	{
		0.1005379999987781,
		CFrame.new(0, 0, 0, 1, 0, 0, 0, 1, 0, 0, 0, 1),
		CFrame.new(0, 1.5, 0, 1, 0, 0, 0, 1, 0, 0, 0, 1),
		CFrame.new(1.5, 0, 0, 1, 0, 0, 0, 0.999999881, 0, 0, 0, 1),
		CFrame.new(-1.5, 0, 0, 1, 0, 0, 0, 0.999999881, 0, 0, 0, 1),
		CFrame.new(0.589065552, -2.03977251, 0, 0.99619472, -0.0871554837, 1.66334502e-10, 0.0871554837, 0.996194601, -3.80968723e-09, 1.66334502e-10, 3.80968723e-09, 1),
		CFrame.new(-0.589065552, -2.03977251, 0, 0.99619472, 0.0871554837, -1.66334502e-10, -0.0871554837, 0.996194601, -3.80968723e-09, -1.66334502e-10, 3.80968723e-09, 1),
	},
	{
		0.13512309989891946,
		CFrame.new(0, 0, 0, 1, 0, 0, 0, 1, 0, 0, 0, 1),
		CFrame.new(0, 1.5, 0, 1, 0, 0, 0, 1, 0, 0, 0, 1),
		CFrame.new(1.5, 0, 0, 1, 0, 0, 0, 0.999999881, 0, 0, 0, 1),
		CFrame.new(-1.5, 0, 0, 1, 0, 0, 0, 0.999999881, 0, 0, 0, 1),
		CFrame.new(0.589065552, -2.03977251, 0, 0.99619472, -0.0871554837, 1.66334502e-10, 0.0871554837, 0.996194601, -3.80968723e-09, 1.66334502e-10, 3.80968723e-09, 1),
		CFrame.new(-0.589065552, -2.03977251, 0, 0.99619472, 0.0871554837, -1.66334502e-10, -0.0871554837, 0.996194601, -3.80968723e-09, -1.66334502e-10, 3.80968723e-09, 1),
	},
	{
		0.16699309996329248,
		CFrame.new(0, 0, 0, 1, 0, 0, 0, 1, 0, 0, 0, 1),
		CFrame.new(0, 1.5, 0, 1, 0, 0, 0, 1, 0, 0, 0, 1),
		CFrame.new(1.5, 0, 0, 1, 0, 0, 0, 0.999999881, 0, 0, 0, 1),
		CFrame.new(-1.5, 0, 0, 1, 0, 0, 0, 0.999999881, 0, 0, 0, 1),
		CFrame.new(0.589065552, -2.03977251, 0, 0.99619472, -0.0871554837, 1.66334502e-10, 0.0871554837, 0.996194601, -3.80968723e-09, 1.66334502e-10, 3.80968723e-09, 1),
		CFrame.new(-0.589065552, -2.03977251, 0, 0.99619472, 0.0871554837, -1.66334502e-10, -0.0871554837, 0.996194601, -3.80968723e-09, -1.66334502e-10, 3.80968723e-09, 1),
	},
	{
		0.20047099993098527,
		CFrame.new(0, 0, 0, 1, 0, 0, 0, 1, 0, 0, 0, 1),
		CFrame.new(0, 1.5, 0, 1, 0, 0, 0, 1, 0, 0, 0, 1),
		CFrame.new(1.5, 0, 0, 1, 0, 0, 0, 0.999999881, 0, 0, 0, 1),
		CFrame.new(-1.5, 0, 0, 1, 0, 0, 0, 0.999999881, 0, 0, 0, 1),
		CFrame.new(0.589065552, -2.03977251, 0, 0.99619472, -0.0871554837, 1.66334502e-10, 0.0871554837, 0.996194601, -3.80968723e-09, 1.66334502e-10, 3.80968723e-09, 1),
		CFrame.new(-0.589065552, -2.03977251, 0, 0.99619472, 0.0871554837, -1.66334502e-10, -0.0871554837, 0.996194601, -3.80968723e-09, -1.66334502e-10, 3.80968723e-09, 1),
	},
	{
		0.21758900000713766,
		CFrame.new(0, 0, 0, 1, 0, 0, 0, 1, 0, 0, 0, 1),
		CFrame.new(0, 1.5, 0, 1, 0, 0, 0, 1, 0, 0, 0, 1),
		CFrame.new(1.5, 0, 0, 1, 0, 0, 0, 0.999999881, 0, 0, 0, 1),
		CFrame.new(-1.5, 0, 0, 1, 0, 0, 0, 0.999999881, 0, 0, 0, 1),
		CFrame.new(0.589065552, -2.03977251, 0, 0.99619472, -0.0871554837, 1.66334502e-10, 0.0871554837, 0.996194601, -3.80968723e-09, 1.66334502e-10, 3.80968723e-09, 1),
		CFrame.new(-0.589065552, -2.03977251, 0, 0.99619472, 0.0871554837, -1.66334502e-10, -0.0871554837, 0.996194601, -3.80968723e-09, -1.66334502e-10, 3.80968723e-09, 1),
	},
	{
		0.23432039993349463,
		CFrame.new(0, 0, 0, 1, 0, 0, 0, 1, 0, 0, 0, 1),
		CFrame.new(0, 1.5, 0, 1, 0, 0, 0, 1, 0, 0, 0, 1),
		CFrame.new(1.5, 0, 0, 1, 0, 0, 0, 0.999999881, 0, 0, 0, 1),
		CFrame.new(-1.5, 0, 0, 1, 0, 0, 0, 0.999999881, 0, 0, 0, 1),
		CFrame.new(0.589065552, -2.03977251, 0, 0.99619472, -0.0871554837, 1.66334502e-10, 0.0871554837, 0.996194601, -3.80968723e-09, 1.66334502e-10, 3.80968723e-09, 1),
		CFrame.new(-0.589065552, -2.03977251, 0, 0.99619472, 0.0871554837, -1.66334502e-10, -0.0871554837, 0.996194601, -3.80968723e-09, -1.66334502e-10, 3.80968723e-09, 1),
	},
	{
		0.2515471999067813,
		CFrame.new(0, 0, 0, 1, 0, 0, 0, 1, 0, 0, 0, 1),
		CFrame.new(0, 1.5, 0, 1, 0, 0, 0, 1, 0, 0, 0, 1),
		CFrame.new(1.5, 0, 0, 1, 0, 0, 0, 0.999999881, 0, 0, 0, 1),
		CFrame.new(-1.5, 0, 0, 1, 0, 0, 0, 0.999999881, 0, 0, 0, 1),
		CFrame.new(0.589065552, -2.03977251, 0, 0.99619472, -0.0871554837, 1.66334502e-10, 0.0871554837, 0.996194601, -3.80968723e-09, 1.66334502e-10, 3.80968723e-09, 1),
		CFrame.new(-0.589065552, -2.03977251, 0, 0.99619472, 0.0871554837, -1.66334502e-10, -0.0871554837, 0.996194601, -3.80968723e-09, -1.66334502e-10, 3.80968723e-09, 1),
	},
	{
		0.2833054999355227,
		CFrame.new(0, 0, 0, 1, 0, 0, 0, 1, 0, 0, 0, 1),
		CFrame.new(0, 1.5, 0, 1, 0, 0, 0, 1, 0, 0, 0, 1),
		CFrame.new(1.5, 0, 0, 1, 0, 0, 0, 0.999999881, 0, 0, 0, 1),
		CFrame.new(-1.5, 0, 0, 1, 0, 0, 0, 0.999999881, 0, 0, 0, 1),
		CFrame.new(0.589065552, -2.03977251, 0, 0.99619472, -0.0871554837, 1.66334502e-10, 0.0871554837, 0.996194601, -3.80968723e-09, 1.66334502e-10, 3.80968723e-09, 1),
		CFrame.new(-0.589065552, -2.03977251, 0, 0.99619472, 0.0871554837, -1.66334502e-10, -0.0871554837, 0.996194601, -3.80968723e-09, -1.66334502e-10, 3.80968723e-09, 1),
	},
	{
		0.3013452999293804,
		CFrame.new(0, 0, 0, 1, 0, 0, 0, 1, 0, 0, 0, 1),
		CFrame.new(0, 1.5, 0, 1, 0, 0, 0, 1, 0, 0, 0, 1),
		CFrame.new(1.5, 0, 0, 1, 0, 0, 0, 0.999999881, 0, 0, 0, 1),
		CFrame.new(-1.5, 0, 0, 1, 0, 0, 0, 0.999999881, 0, 0, 0, 1),
		CFrame.new(0.589065552, -2.03977251, 0, 0.99619472, -0.0871554837, 1.66334502e-10, 0.0871554837, 0.996194601, -3.80968723e-09, 1.66334502e-10, 3.80968723e-09, 1),
		CFrame.new(-0.589065552, -2.03977251, 0, 0.99619472, 0.0871554837, -1.66334502e-10, -0.0871554837, 0.996194601, -3.80968723e-09, -1.66334502e-10, 3.80968723e-09, 1),
	},
	{
		0.33350359997712076,
		CFrame.new(0, 0, 0, 1, 0, 0, 0, 1, 0, 0, 0, 1),
		CFrame.new(0, 1.5, 0, 1, 0, 0, 0, 1, 0, 0, 0, 1),
		CFrame.new(1.5, 0, 0, 1, 0, 0, 0, 0.999999881, 0, 0, 0, 1),
		CFrame.new(-1.5, 0, 0, 1, 0, 0, 0, 0.999999881, 0, 0, 0, 1),
		CFrame.new(0.589065552, -2.03977251, 0, 0.99619472, -0.0871554837, 1.66334502e-10, 0.0871554837, 0.996194601, -3.80968723e-09, 1.66334502e-10, 3.80968723e-09, 1),
		CFrame.new(-0.589065552, -2.03977251, 0, 0.99619472, 0.0871554837, -1.66334502e-10, -0.0871554837, 0.996194601, -3.80968723e-09, -1.66334502e-10, 3.80968723e-09, 1),
	},
	{
		0.3517635999014601,
		CFrame.new(0, 0, 0, 1, 0, 0, 0, 1, 0, 0, 0, 1),
		CFrame.new(0, 1.5, 0, 1, 0, 0, 0, 1, 0, 0, 0, 1),
		CFrame.new(1.5, 0, 0, 1, 0, 0, 0, 0.999999881, 0, 0, 0, 1),
		CFrame.new(-1.5, 0, 0, 1, 0, 0, 0, 0.999999881, 0, 0, 0, 1),
		CFrame.new(0.589065552, -2.03977251, 0, 0.99619472, -0.0871554837, 1.66334502e-10, 0.0871554837, 0.996194601, -3.80968723e-09, 1.66334502e-10, 3.80968723e-09, 1),
		CFrame.new(-0.589065552, -2.03977251, 0, 0.99619472, 0.0871554837, -1.66334502e-10, -0.0871554837, 0.996194601, -3.80968723e-09, -1.66334502e-10, 3.80968723e-09, 1),
	},
	{
		0.3846000999910757,
		CFrame.new(0, 0, 0, 1, 0, 0, 0, 1, 0, 0, 0, 1),
		CFrame.new(0, 1.5, 0, 1, 0, 0, 0, 1, 0, 0, 0, 1),
		CFrame.new(1.5, 0, 0, 1, 0, 0, 0, 0.999999881, 0, 0, 0, 1),
		CFrame.new(-1.5, 0, 0, 1, 0, 0, 0, 0.999999881, 0, 0, 0, 1),
		CFrame.new(0.589065552, -2.03977251, 0, 0.99619472, -0.0871554837, 1.66334502e-10, 0.0871554837, 0.996194601, -3.80968723e-09, 1.66334502e-10, 3.80968723e-09, 1),
		CFrame.new(-0.589065552, -2.03977251, 0, 0.99619472, 0.0871554837, -1.66334502e-10, -0.0871554837, 0.996194601, -3.80968723e-09, -1.66334502e-10, 3.80968723e-09, 1),
	},
	{
		0.41687839990481734,
		CFrame.new(0, 0, 0, 1, 0, 0, 0, 1, 0, 0, 0, 1),
		CFrame.new(0, 1.5, 0, 1, 0, 0, 0, 1, 0, 0, 0, 1),
		CFrame.new(1.5, 0, 0, 1, 0, 0, 0, 0.999999881, 0, 0, 0, 1),
		CFrame.new(-1.5, 0, 0, 1, 0, 0, 0, 0.999999881, 0, 0, 0, 1),
		CFrame.new(0.589065552, -2.03977251, 0, 0.99619472, -0.0871554837, 1.66334502e-10, 0.0871554837, 0.996194601, -3.80968723e-09, 1.66334502e-10, 3.80968723e-09, 1),
		CFrame.new(-0.589065552, -2.03977251, 0, 0.99619472, 0.0871554837, -1.66334502e-10, -0.0871554837, 0.996194601, -3.80968723e-09, -1.66334502e-10, 3.80968723e-09, 1),
	},
	{
		0.43595849990379065,
		CFrame.new(0, 0, 0, 1, 0, 0, 0, 1, 0, 0, 0, 1),
		CFrame.new(0, 1.5, 0, 1, 0, 0, 0, 1, 0, 0, 0, 1),
		CFrame.new(1.5, 0, 0, 1, 0, 0, 0, 0.999999881, 0, 0, 0, 1),
		CFrame.new(-1.5, 0, 0, 1, 0, 0, 0, 0.999999881, 0, 0, 0, 1),
		CFrame.new(0.589065552, -2.03977251, 0, 0.99619472, -0.0871554837, 1.66334502e-10, 0.0871554837, 0.996194601, -3.80968723e-09, 1.66334502e-10, 3.80968723e-09, 1),
		CFrame.new(-0.589065552, -2.03977251, 0, 0.99619472, 0.0871554837, -1.66334502e-10, -0.0871554837, 0.996194601, -3.80968723e-09, -1.66334502e-10, 3.80968723e-09, 1),
	},
	{
		0.4673492999281734,
		CFrame.new(0, 0, 0, 1, 0, 0, 0, 1, 0, 0, 0, 1),
		CFrame.new(0, 1.5, 0, 1, 0, 0, 0, 1, 0, 0, 0, 1),
		CFrame.new(1.5, 0, 0, 1, 0, 0, 0, 0.999999881, 0, 0, 0, 1),
		CFrame.new(-1.5, 0, 0, 1, 0, 0, 0, 0.999999881, 0, 0, 0, 1),
		CFrame.new(0.589065552, -2.03977251, 0, 0.99619472, -0.0871554837, 1.66334502e-10, 0.0871554837, 0.996194601, -3.80968723e-09, 1.66334502e-10, 3.80968723e-09, 1),
		CFrame.new(-0.589065552, -2.03977251, 0, 0.99619472, 0.0871554837, -1.66334502e-10, -0.0871554837, 0.996194601, -3.80968723e-09, -1.66334502e-10, 3.80968723e-09, 1),
	},
	{
		0.5014985000016168,
		CFrame.new(0, 0, 0, 1, 0, 0, 0, 1, 0, 0, 0, 1),
		CFrame.new(0, 1.5, 0, 1, 0, 0, 0, 1, 0, 0, 0, 1),
		CFrame.new(1.5, 0, 0, 1, 0, 0, 0, 0.999999881, 0, 0, 0, 1),
		CFrame.new(-1.5, 0, 0, 1, 0, 0, 0, 0.999999881, 0, 0, 0, 1),
		CFrame.new(0.589065552, -2.03977251, 0, 0.99619472, -0.0871554837, 1.66334502e-10, 0.0871554837, 0.996194601, -3.80968723e-09, 1.66334502e-10, 3.80968723e-09, 1),
		CFrame.new(-0.589065552, -2.03977251, 0, 0.99619472, 0.0871554837, -1.66334502e-10, -0.0871554837, 0.996194601, -3.80968723e-09, -1.66334502e-10, 3.80968723e-09, 1),
	},
	{
		0.5349424999440089,
		CFrame.new(0, 0, 0, 1, 0, 0, 0, 1, 0, 0, 0, 1),
		CFrame.new(0, 1.5, 0, 1, 0, 0, 0, 1, 0, 0, 0, 1),
		CFrame.new(1.5, 0, 0, 1, 0, 0, 0, 0.999999881, 0, 0, 0, 1),
		CFrame.new(-1.5, 0, 0, 1, 0, 0, 0, 0.999999881, 0, 0, 0, 1),
		CFrame.new(0.589065552, -2.03977251, 0, 0.99619472, -0.0871554837, 1.66334502e-10, 0.0871554837, 0.996194601, -3.80968723e-09, 1.66334502e-10, 3.80968723e-09, 1),
		CFrame.new(-0.589065552, -2.03977251, 0, 0.99619472, 0.0871554837, -1.66334502e-10, -0.0871554837, 0.996194601, -3.80968723e-09, -1.66334502e-10, 3.80968723e-09, 1),
	},
	{
		0.5679042999399826,
		CFrame.new(0, 0, 0, 1, 0, 0, 0, 1, 0, 0, 0, 1),
		CFrame.new(0, 1.5, 0, 1, 0, 0, 0, 1, 0, 0, 0, 1),
		CFrame.new(1.5, 0, 0, 1, 0, 0, 0, 0.999999881, 0, 0, 0, 1),
		CFrame.new(-1.5, 0, 0, 1, 0, 0, 0, 0.999999881, 0, 0, 0, 1),
		CFrame.new(0.589065552, -2.03977251, 0, 0.99619472, -0.0871554837, 1.66334502e-10, 0.0871554837, 0.996194601, -3.80968723e-09, 1.66334502e-10, 3.80968723e-09, 1),
		CFrame.new(-0.589065552, -2.03977251, 0, 0.99619472, 0.0871554837, -1.66334502e-10, -0.0871554837, 0.996194601, -3.80968723e-09, -1.66334502e-10, 3.80968723e-09, 1),
	},
	{
		0.5998672998975962,
		CFrame.new(0, 0, 0, 1, 0, 0, 0, 1, 0, 0, 0, 1),
		CFrame.new(0, 1.5, 0, 1, 0, 0, 0, 1, 0, 0, 0, 1),
		CFrame.new(1.5, 0, 0, 1, 0, 0, 0, 0.999999881, 0, 0, 0, 1),
		CFrame.new(-1.5, 0, 0, 1, 0, 0, 0, 0.999999881, 0, 0, 0, 1),
		CFrame.new(0.589065552, -2.03977251, 0, 0.99619472, -0.0871554911, 1.66334502e-10, 0.0871554911, 0.996194601, -3.80968768e-09, 1.66334502e-10, 3.80968723e-09, 1),
		CFrame.new(-0.589065552, -2.03977251, 0, 0.99619472, 0.0871554911, -1.66334502e-10, -0.0871554911, 0.996194601, -3.80968768e-09, -1.66334502e-10, 3.80968723e-09, 1),
	},
	{
		0.6168041999917477,
		CFrame.new(0, 0, 0, 1, 0, 0, 0, 1, 0, 0, 0, 1),
		CFrame.new(0, 1.5, 0, 1, 0, 0, 0, 1, 0, 0, 0, 1),
		CFrame.new(1.5, 0, 0, 1, 0, 0, 0, 0.999999881, 0, 0, 0, 1),
		CFrame.new(-1.5, 0, 0, 1, 0, 0, 0, 0.999999881, 0, 0, 0, 1),
		CFrame.new(0.589065552, -2.03977251, 0, 0.99619472, -0.0871554837, 1.66334502e-10, 0.0871554837, 0.996194601, -3.80968723e-09, 1.66334502e-10, 3.80968723e-09, 1),
		CFrame.new(-0.589065552, -2.03977251, 0, 0.99619472, 0.0871554837, -1.66334502e-10, -0.0871554837, 0.996194601, -3.80968723e-09, -1.66334502e-10, 3.80968723e-09, 1),
	},
	{
		0.6500822999514639,
		CFrame.new(0, 0, 0, 1, 0, 0, 0, 1, 0, 0, 0, 1),
		CFrame.new(0, 1.5, 0, 1, 0, 0, 0, 1, 0, 0, 0, 1),
		CFrame.new(1.5, 0, 0, 1, 0, 0, 0, 0.999999881, 0, 0, 0, 1),
		CFrame.new(-1.5, 0, 0, 1, 0, 0, 0, 0.999999881, 0, 0, 0, 1),
		CFrame.new(0.589065552, -2.03977251, 0, 0.99619472, -0.0871554837, 1.66334502e-10, 0.0871554837, 0.996194601, -3.80968723e-09, 1.66334502e-10, 3.80968723e-09, 1),
		CFrame.new(-0.589065552, -2.03977251, 0, 0.99619472, 0.0871554837, -1.66334502e-10, -0.0871554837, 0.996194601, -3.80968723e-09, -1.66334502e-10, 3.80968723e-09, 1),
	},
	{
		0.6673979999031872,
		CFrame.new(0, 0, 0, 1, 0, 0, 0, 1, 0, 0, 0, 1),
		CFrame.new(0, 1.5, 0, 1, 0, 0, 0, 1, 0, 0, 0, 1),
		CFrame.new(1.5, 0, 0, 1, 0, 0, 0, 0.999999881, 0, 0, 0, 1),
		CFrame.new(-1.5, 0, 0, 1, 0, 0, 0, 0.999999881, 0, 0, 0, 1),
		CFrame.new(0.589065552, -2.03977251, 0, 0.99619472, -0.0871554837, 1.66334502e-10, 0.0871554837, 0.996194601, -3.80968723e-09, 1.66334502e-10, 3.80968723e-09, 1),
		CFrame.new(-0.589065552, -2.03977251, 0, 0.99619472, 0.0871554837, -1.66334502e-10, -0.0871554837, 0.996194601, -3.80968723e-09, -1.66334502e-10, 3.80968723e-09, 1),
	},
	{
		0.7003426000010222,
		CFrame.new(0, 0, 0, 1, 0, 0, 0, 1, 0, 0, 0, 1),
		CFrame.new(0, 1.5, 0, 1, 0, 0, 0, 1, 0, 0, 0, 1),
		CFrame.new(1.5, 0, 0, 1, 0, 0, 0, 0.999999881, 0, 0, 0, 1),
		CFrame.new(-1.5, 0, 0, 1, 0, 0, 0, 0.999999881, 0, 0, 0, 1),
		CFrame.new(0.589065552, -2.03977251, 0, 0.99619472, -0.0871554837, 1.66334502e-10, 0.0871554837, 0.996194601, -3.80968723e-09, 1.66334502e-10, 3.80968723e-09, 1),
		CFrame.new(-0.589065552, -2.03977251, 0, 0.99619472, 0.0871554837, -1.66334502e-10, -0.0871554837, 0.996194601, -3.80968723e-09, -1.66334502e-10, 3.80968723e-09, 1),
	},
	{
		0.73465070000384,
		CFrame.new(0, 0, 0, 1, 0, 0, 0, 1, 0, 0, 0, 1),
		CFrame.new(0, 1.5, 0, 1, 0, 0, 0, 1, 0, 0, 0, 1),
		CFrame.new(1.5, 0, 0, 1, 0, 0, 0, 0.999999881, 0, 0, 0, 1),
		CFrame.new(-1.5, 0, 0, 1, 0, 0, 0, 0.999999881, 0, 0, 0, 1),
		CFrame.new(0.589065552, -2.03977251, 0, 0.99619472, -0.0871554837, 1.66334502e-10, 0.0871554837, 0.996194601, -3.80968723e-09, 1.66334502e-10, 3.80968723e-09, 1),
		CFrame.new(-0.589065552, -2.03977251, 0, 0.99619472, 0.0871554837, -1.66334502e-10, -0.0871554837, 0.996194601, -3.80968723e-09, -1.66334502e-10, 3.80968723e-09, 1),
	},
	{
		0.7514284999342635,
		CFrame.new(0, 0, 0, 1, 0, 0, 0, 1, 0, 0, 0, 1),
		CFrame.new(0, 1.5, 0, 1, 0, 0, 0, 1, 0, 0, 0, 1),
		CFrame.new(1.5, 0, 0, 1, 0, 0, 0, 0.999999881, 0, 0, 0, 1),
		CFrame.new(-1.5, 0, 0, 1, 0, 0, 0, 0.999999881, 0, 0, 0, 1),
		CFrame.new(0.589065552, -2.03977251, 0, 0.99619472, -0.0871554911, 1.66334502e-10, 0.0871554911, 0.996194601, -3.80968768e-09, 1.66334502e-10, 3.80968723e-09, 1),
		CFrame.new(-0.589065552, -2.03977251, 0, 0.99619472, 0.0871554911, -1.66334502e-10, -0.0871554911, 0.996194601, -3.80968768e-09, -1.66334502e-10, 3.80968723e-09, 1),
	},
	{
		0.7840477999998257,
		CFrame.new(0, 0, 0, 1, 0, 0, 0, 1, 0, 0, 0, 1),
		CFrame.new(0, 1.5, 0, 1, 0, 0, 0, 1, 0, 0, 0, 1),
		CFrame.new(1.5, 0, 0, 1, 0, 0, 0, 0.999999881, 0, 0, 0, 1),
		CFrame.new(-1.5, 0, 0, 1, 0, 0, 0, 0.999999881, 0, 0, 0, 1),
		CFrame.new(0.589065552, -2.03977251, 0, 0.99619472, -0.0871554837, 1.66334502e-10, 0.0871554837, 0.996194601, -3.80968723e-09, 1.66334502e-10, 3.80968723e-09, 1),
		CFrame.new(-0.589065552, -2.03977251, 0, 0.99619472, 0.0871554837, -1.66334502e-10, -0.0871554837, 0.996194601, -3.80968723e-09, -1.66334502e-10, 3.80968723e-09, 1),
	},
	{
		0.8170870000030845,
		CFrame.new(0, 0, 0, 1, 0, 0, 0, 1, 0, 0, 0, 1),
		CFrame.new(0, 1.5, 0, 1, 0, 0, 0, 1, 0, 0, 0, 1),
		CFrame.new(1.5, 0, 0, 1, 0, 0, 0, 0.999999881, 0, 0, 0, 1),
		CFrame.new(-1.5, 0, 0, 1, 0, 0, 0, 0.999999881, 0, 0, 0, 1),
		CFrame.new(0.589065552, -2.03977251, 0, 0.99619472, -0.0871554837, 1.66334502e-10, 0.0871554837, 0.996194601, -3.80968723e-09, 1.66334502e-10, 3.80968723e-09, 1),
		CFrame.new(-0.589065552, -2.03977251, 0, 0.99619472, 0.0871554837, -1.66334502e-10, -0.0871554837, 0.996194601, -3.80968723e-09, -1.66334502e-10, 3.80968723e-09, 1),
	},
	{
		0.8504609999945387,
		CFrame.new(0, 0, 0, 1, 0, 0, 0, 1, 0, 0, 0, 1),
		CFrame.new(0, 1.5, -0.0249996185, 1, 0, 0, 0, 1, 0, 0, 0, 1),
		CFrame.new(1.50198364, 0.00198721886, 0, 0.999992132, -0.00396660017, 3.44613227e-13, 0.00396660017, 0.999992013, -1.73385598e-10, 3.44613227e-13, 1.73385611e-10, 1),
		CFrame.new(-1.50198364, 0.00198721886, 0, 0.999992132, 0.00396660017, -3.44613227e-13, -0.00396660017, 0.999992013, -1.73385598e-10, -3.44613227e-13, 1.73385611e-10, 1),
		CFrame.new(0.589065552, -2.03977251, 0, 0.99619472, -0.0871554837, 1.66334502e-10, 0.0871554837, 0.996194601, -3.80968723e-09, 1.66334502e-10, 3.80968723e-09, 1),
		CFrame.new(-0.589065552, -2.03977251, 0, 0.99619472, 0.0871554837, -1.66334502e-10, -0.0871554837, 0.996194601, -3.80968723e-09, -1.66334502e-10, 3.80968723e-09, 1),
	},
	{
		0.8675792999565601,
		CFrame.new(0, 0, 0, 1, 0, 0, 0, 1, 0, 0, 0, 1),
		CFrame.new(0, 1.5, -0.0499992371, 1, 0, 0, 0, 1, 0, 0, 0, 1),
		CFrame.new(1.50395203, 0.00398230553, 0, 0.999968529, -0.00793316867, 1.37490019e-12, 0.00793316867, 0.99996841, -3.46769807e-10, 1.37490019e-12, 3.46769835e-10, 1),
		CFrame.new(-1.50395203, 0.00398230553, 0, 0.999968529, 0.00793316867, -1.37490019e-12, -0.00793316867, 0.99996841, -3.46769807e-10, -1.37490019e-12, 3.46769835e-10, 1),
		CFrame.new(0.589065552, -2.03977251, 0, 0.99619472, -0.0871554837, 1.66334502e-10, 0.0871554837, 0.996194601, -3.80968723e-09, 1.66334502e-10, 3.80968723e-09, 1),
		CFrame.new(-0.589065552, -2.03977251, 0, 0.99619472, 0.0871554837, -1.66334502e-10, -0.0871554837, 0.996194601, -3.80968723e-09, -1.66334502e-10, 3.80968723e-09, 1),
	},
	{
		0.9003718999447301,
		CFrame.new(0, 0, 0, 1, 0, 0, 0, 1, 0, 0, 0, 1),
		CFrame.new(0, 1.5, -0.100000381, 1, 0, 0, 0, 1, 0, 0, 0, 1),
		CFrame.new(1.50787354, 0.00799584389, 0, 0.999874115, -0.0158658698, 5.50315349e-12, 0.0158658698, 0.999873996, -6.93519187e-10, 5.50315349e-12, 6.93519242e-10, 1),
		CFrame.new(-1.50787354, 0.00799584389, 0, 0.999874115, 0.0158658698, -5.50315349e-12, -0.0158658698, 0.999873996, -6.93519187e-10, -5.50315349e-12, 6.93519242e-10, 1),
		CFrame.new(0.589065552, -2.03977251, 0, 0.99619472, -0.0871554837, 1.66334502e-10, 0.0871554837, 0.996194601, -3.80968723e-09, 1.66334502e-10, 3.80968723e-09, 1),
		CFrame.new(-0.589065552, -2.03977251, 0, 0.99619472, 0.0871554837, -1.66334502e-10, -0.0871554837, 0.996194601, -3.80968723e-09, -1.66334502e-10, 3.80968723e-09, 1),
	},
	{
		0.9172580000013113,
		CFrame.new(0, 0, 0, 1, 0, 0, 0, 1, 0, 0, 0, 1),
		CFrame.new(0, 1.5, -0.125, 1, 0, 0, 0, 1, 0, 0, 0, 1),
		CFrame.new(1.5098114, 0.0100142956, 0, 0.999803305, -0.0198318772, 8.5975671e-12, 0.0198318772, 0.999803185, -8.66878902e-10, 8.5975671e-12, 8.66878902e-10, 1),
		CFrame.new(-1.5098114, 0.0100142956, 0, 0.999803305, 0.0198318772, -8.5975671e-12, -0.0198318772, 0.999803185, -8.66878902e-10, -8.5975671e-12, 8.66878902e-10, 1),
		CFrame.new(0.589065552, -2.03977251, 0, 0.99619472, -0.0871554837, 1.66334502e-10, 0.0871554837, 0.996194601, -3.80968723e-09, 1.66334502e-10, 3.80968723e-09, 1),
		CFrame.new(-0.589065552, -2.03977251, 0, 0.99619472, 0.0871554837, -1.66334502e-10, -0.0871554837, 0.996194601, -3.80968723e-09, -1.66334502e-10, 3.80968723e-09, 1),
	},
	{
		0.9538802999304608,
		CFrame.new(0, 0, 0, 1, 0, 0, 0, 1, 0, 0, 0, 1),
		CFrame.new(0, 1.5, -0.174999237, 1, 0, 0, 0, 1, 0, 0, 0, 1),
		CFrame.new(1.51368713, 0.0140743256, 0, 0.999614537, -0.0277628936, 1.6850521e-11, 0.0277628936, 0.999614418, -1.21355459e-09, 1.6850521e-11, 1.21355459e-09, 1),
		CFrame.new(-1.51368713, 0.0140743256, 0, 0.999614537, 0.0277628936, -1.6850521e-11, -0.0277628936, 0.999614418, -1.21355459e-09, -1.6850521e-11, 1.21355459e-09, 1),
		CFrame.new(0.589065552, -2.03977251, 0, 0.99619472, -0.0871554837, 1.66334502e-10, 0.0871554837, 0.996194601, -3.80968723e-09, 1.66334502e-10, 3.80968723e-09, 1),
		CFrame.new(-0.589065552, -2.03977251, 0, 0.99619472, 0.0871554837, -1.66334502e-10, -0.0871554837, 0.996194601, -3.80968723e-09, -1.66334502e-10, 3.80968723e-09, 1),
	},
	{
		0.9834386999718845,
		CFrame.new(0, 0, 0, 1, 0, 0, 0, 1, 0, 0, 0, 1),
		CFrame.new(0, 1.5, -0.225000381, 1, 0, 0, 0, 1, 0, 0, 0, 1),
		CFrame.new(1.51753235, 0.0181646347, 0, 0.999362826, -0.0356921554, 2.78532752e-11, 0.0356921554, 0.999362707, -1.56015367e-09, 2.78532752e-11, 1.56015367e-09, 1),
		CFrame.new(-1.51753235, 0.0181646347, 0, 0.999362826, 0.0356921554, -2.78532752e-11, -0.0356921554, 0.999362707, -1.56015367e-09, -2.78532752e-11, 1.56015367e-09, 1),
		CFrame.new(0.589065552, -2.03977251, 0, 0.99619472, -0.0871554837, 1.66334502e-10, 0.0871554837, 0.996194601, -3.80968723e-09, 1.66334502e-10, 3.80968723e-09, 1),
		CFrame.new(-0.589065552, -2.03977251, 0, 0.99619472, 0.0871554837, -1.66334502e-10, -0.0871554837, 0.996194601, -3.80968723e-09, -1.66334502e-10, 3.80968723e-09, 1),
	},
	{
		1.0004822999471799,
		CFrame.new(0, 0, 0, 1, 0, 0, 0, 1, 0, 0, 0, 1),
		CFrame.new(0, 1.5, -0.25, 1, 0, 0, 0, 1, 0, 0, 0, 1),
		CFrame.new(1.5194397, 0.0202212334, 0, 0.999213398, -0.0396559797, 3.4383163e-11, 0.0396559797, 0.999213278, -1.73341796e-09, 3.4383163e-11, 1.73341796e-09, 1),
		CFrame.new(-1.5194397, 0.0202212334, 0, 0.999213398, 0.0396559797, -3.4383163e-11, -0.0396559797, 0.999213278, -1.73341796e-09, -3.4383163e-11, 1.73341796e-09, 1),
		CFrame.new(0.589065552, -2.03977251, 0, 0.99619472, -0.0871554837, 1.66334502e-10, 0.0871554837, 0.996194601, -3.80968723e-09, 1.66334502e-10, 3.80968723e-09, 1),
		CFrame.new(-0.589065552, -2.03977251, 0, 0.99619472, 0.0871554837, -1.66334502e-10, -0.0871554837, 0.996194601, -3.80968723e-09, -1.66334502e-10, 3.80968723e-09, 1),
	},
	{
		1.0346792999189347,
		CFrame.new(0, 0, 0, 1, 0, 0, 0, 1, 0, 0, 0, 1),
		CFrame.new(0, 1.5, -0.208333969, 1, 0, 0, 0, 1, 0, 0, 0, 1),
		CFrame.new(1.52322388, 0.0243573189, 0, 0.998867333, -0.0475817099, 4.95106178e-11, 0.0475817099, 0.998867214, -2.0798625e-09, 4.95106178e-11, 2.0798625e-09, 1),
		CFrame.new(-1.52322388, 0.0243573189, 0, 0.998867333, 0.0475817099, -4.95106178e-11, -0.0475817099, 0.998867214, -2.0798625e-09, -4.95106178e-11, 2.0798625e-09, 1),
		CFrame.new(0.589065552, -2.03977251, 0, 0.99619472, -0.0871554837, 1.66334502e-10, 0.0871554837, 0.996194601, -3.80968723e-09, 1.66334502e-10, 3.80968723e-09, 1),
		CFrame.new(-0.589065552, -2.03977251, 0, 0.99619472, 0.0871554837, -1.66334502e-10, -0.0871554837, 0.996194601, -3.80968723e-09, -1.66334502e-10, 3.80968723e-09, 1),
	},
	{
		1.066560799954459,
		CFrame.new(0, 0, 0, 1, 0, 0, 0, 1, 0, 0, 0, 1),
		CFrame.new(0, 1.5, -0.166667938, 1, 0, 0, 0, 1, 0, 0, 0, 1),
		CFrame.new(1.52697754, 0.0285229683, 0, 0.998458445, -0.0555044226, 6.73843203e-11, 0.0555044226, 0.998458326, -2.42617526e-09, 6.73843203e-11, 2.42617526e-09, 1),
		CFrame.new(-1.52697754, 0.0285229683, 0, 0.998458445, 0.0555044226, -6.73843203e-11, -0.0555044226, 0.998458326, -2.42617526e-09, -6.73843203e-11, 2.42617526e-09, 1),
		CFrame.new(0.589065552, -2.03977251, 0, 0.99619472, -0.0871554837, 1.66334502e-10, 0.0871554837, 0.996194601, -3.80968723e-09, 1.66334502e-10, 3.80968723e-09, 1),
		CFrame.new(-0.589065552, -2.03977251, 0, 0.99619472, 0.0871554837, -1.66334502e-10, -0.0871554837, 0.996194601, -3.80968723e-09, -1.66334502e-10, 3.80968723e-09, 1),
	},
	{
		1.083447999903001,
		CFrame.new(0, 0, 0, 1, 0, 0, 0, 1, 0, 0, 0, 1),
		CFrame.new(0, 1.5, -0.145833969, 1, 0, 0, 0, 1, 0, 0, 0, 1),
		CFrame.new(1.52885437, 0.0306172371, 0, 0.998230398, -0.0594644994, 7.73532349e-11, 0.0594644994, 0.998230278, -2.59927591e-09, 7.73532349e-11, 2.59927568e-09, 1),
		CFrame.new(-1.52885437, 0.0306172371, 0, 0.998230398, 0.0594644994, -7.73532349e-11, -0.0594644994, 0.998230278, -2.59927591e-09, -7.73532349e-11, 2.59927568e-09, 1),
		CFrame.new(0.589065552, -2.03977251, 0, 0.99619472, -0.0871554837, 1.66334502e-10, 0.0871554837, 0.996194601, -3.80968723e-09, 1.66334502e-10, 3.80968723e-09, 1),
		CFrame.new(-0.589065552, -2.03977251, 0, 0.99619472, 0.0871554837, -1.66334502e-10, -0.0871554837, 0.996194601, -3.80968723e-09, -1.66334502e-10, 3.80968723e-09, 1),
	},
	{
		1.100177999935113,
		CFrame.new(0, 0, 0, 1, 0, 0, 0, 1, 0, 0, 0, 1),
		CFrame.new(0, 1.5, -0.125, 1, 0, 0, 0, 1, 0, 0, 0, 1),
		CFrame.new(1.53070068, 0.0327186584, 0, 0.997986674, -0.063423641, 8.80042705e-11, 0.063423641, 0.997986555, -2.77233547e-09, 8.80042705e-11, 2.77233547e-09, 1),
		CFrame.new(-1.53070068, 0.0327186584, 0, 0.997986674, 0.063423641, -8.80042705e-11, -0.063423641, 0.997986555, -2.77233547e-09, -8.80042705e-11, 2.77233547e-09, 1),
		CFrame.new(0.589065552, -2.03977251, 0, 0.99619472, -0.0871554837, 1.66334502e-10, 0.0871554837, 0.996194601, -3.80968723e-09, 1.66334502e-10, 3.80968723e-09, 1),
		CFrame.new(-0.589065552, -2.03977251, 0, 0.99619472, 0.0871554837, -1.66334502e-10, -0.0871554837, 0.996194601, -3.80968723e-09, -1.66334502e-10, 3.80968723e-09, 1),
	},
	{
		1.117708999896422,
		CFrame.new(0, 0, 0, 1, 0, 0, 0, 1, 0, 0, 0, 1),
		CFrame.new(0, 1.5, -0.104167938, 1, 0, 0, 0, 1, 0, 0, 0, 1),
		CFrame.new(1.532547, 0.0348272324, 0, 0.997727275, -0.0673817843, 9.93445326e-11, 0.0673817843, 0.997727156, -2.9453513e-09, 9.93445326e-11, 2.94535152e-09, 1),
		CFrame.new(-1.532547, 0.0348272324, 0, 0.997727275, 0.0673817843, -9.93445326e-11, -0.0673817843, 0.997727156, -2.9453513e-09, -9.93445326e-11, 2.94535152e-09, 1),
		CFrame.new(0.589065552, -2.03977251, 0, 0.99619472, -0.0871554837, 1.66334502e-10, 0.0871554837, 0.996194601, -3.80968723e-09, 1.66334502e-10, 3.80968723e-09, 1),
		CFrame.new(-0.589065552, -2.03977251, 0, 0.99619472, 0.0871554837, -1.66334502e-10, -0.0871554837, 0.996194601, -3.80968723e-09, -1.66334502e-10, 3.80968723e-09, 1),
	},
	{
		1.150777900009416,
		CFrame.new(0, 0, 0, 1, 0, 0, 0, 1, 0, 0, 0, 1),
		CFrame.new(0, 1.5, -0.0625, 1, 0, 0, 0, 1, 0, 0, 0, 1),
		CFrame.new(1.53622437, 0.0390667915, 0, 0.997161329, -0.0752948374, 1.24082078e-10, 0.0752948374, 0.99716121, -3.29124195e-09, 1.24082078e-10, 3.29124195e-09, 1),
		CFrame.new(-1.53622437, 0.0390667915, 0, 0.997161329, 0.0752948374, -1.24082078e-10, -0.0752948374, 0.99716121, -3.29124195e-09, -1.24082078e-10, 3.29124195e-09, 1),
		CFrame.new(0.589065552, -2.03977251, 0, 0.99619472, -0.0871554837, 1.66334502e-10, 0.0871554837, 0.996194601, -3.80968723e-09, 1.66334502e-10, 3.80968723e-09, 1),
		CFrame.new(-0.589065552, -2.03977251, 0, 0.99619472, 0.0871554837, -1.66334502e-10, -0.0871554837, 0.996194601, -3.80968723e-09, -1.66334502e-10, 3.80968723e-09, 1),
	},
	{
		1.1850459999404848,
		CFrame.new(0, 0, 0, 1, 0, 0, 0, 1, 0, 0, 0, 1),
		CFrame.new(0, 1.5, -0.0208339691, 1, 0, 0, 0, 1, 0, 0, 0, 1),
		CFrame.new(1.53987122, 0.0433354378, 0, 0.996532619, -0.0832031444, 1.51562318e-10, 0.0832031444, 0.9965325, -3.63692498e-09, 1.51562318e-10, 3.63692498e-09, 1),
		CFrame.new(-1.53987122, 0.0433354378, 0, 0.996532619, 0.0832031444, -1.51562318e-10, -0.0832031444, 0.9965325, -3.63692498e-09, -1.51562318e-10, 3.63692498e-09, 1),
		CFrame.new(0.589065552, -2.03977251, 0, 0.99619472, -0.0871554837, 1.66334502e-10, 0.0871554837, 0.996194601, -3.80968723e-09, 1.66334502e-10, 3.80968723e-09, 1),
		CFrame.new(-0.589065552, -2.03977251, 0, 0.99619472, 0.0871554837, -1.66334502e-10, -0.0871554837, 0.996194601, -3.80968723e-09, -1.66334502e-10, 3.80968723e-09, 1),
	},
	{
		1.2174762999638915,
		CFrame.new(0, 0, 0, 1, 0, 0, 0, 1, 0, 0, 0, 1),
		CFrame.new(0, 1.5, -0.0249996185, 1, 0, 0, 0, 1, 0, 0, 0, 1),
		CFrame.new(1.54167175, 0.0454804897, 0, 0.99619472, -0.0871554837, 1.66334502e-10, 0.0871554837, 0.996194601, -3.80968723e-09, 1.66334502e-10, 3.80968723e-09, 1),
		CFrame.new(-1.54167175, 0.0454804897, 0, 0.99619472, 0.0871554837, -1.66334502e-10, -0.0871554837, 0.996194601, -3.80968723e-09, -1.66334502e-10, 3.80968723e-09, 1),
		CFrame.new(0.589065552, -2.03977251, 0, 0.99619472, -0.0871554837, 1.66334502e-10, 0.0871554837, 0.996194601, -3.80968723e-09, 1.66334502e-10, 3.80968723e-09, 1),
		CFrame.new(-0.589065552, -2.03977251, 0, 0.99619472, 0.0871554837, -1.66334502e-10, -0.0871554837, 0.996194601, -3.80968723e-09, -1.66334502e-10, 3.80968723e-09, 1),
	},
	{
		1.2516150999581441,
		CFrame.new(0, 0, 0, 1, 0, 0, 0, 1, 0, 0, 0, 1),
		CFrame.new(0, 1.5, -0.0749988556, 1, 0, 0, 0, 1, 0, 0, 0, 1),
		CFrame.new(1.54167175, 0.0454804897, 0, 0.99619472, -0.0871554837, 1.66334502e-10, 0.0871554837, 0.996194601, -3.80968723e-09, 1.66334502e-10, 3.80968723e-09, 1),
		CFrame.new(-1.54167175, 0.0454804897, 0, 0.99619472, 0.0871554837, -1.66334502e-10, -0.0871554837, 0.996194601, -3.80968723e-09, -1.66334502e-10, 3.80968723e-09, 1),
		CFrame.new(0.589065552, -2.03977251, 0, 0.99619472, -0.0871554837, 1.66334502e-10, 0.0871554837, 0.996194601, -3.80968723e-09, 1.66334502e-10, 3.80968723e-09, 1),
		CFrame.new(-0.589065552, -2.03977251, 0, 0.99619472, 0.0871554837, -1.66334502e-10, -0.0871554837, 0.996194601, -3.80968723e-09, -1.66334502e-10, 3.80968723e-09, 1),
	},
	{
		1.2832162999548018,
